日期,影片,上映信息,总票房,当日综合票房,票房占比,排片场次,排片占比,场均人次,上座率
2024-11-01,毒液：最后一舞,上映10天,4.22亿,2259.89万,31.5%,91525,23.8%,6.0,3.8%
2024-11-01,焚城,上映首日,3138.7万,1489.99万,20.8%,81188,21.1%,4.6,3.7%
2024-11-01,乔妍的心事,上映7天,1.12亿,645.80万,9.0%,47803,12.4%,3.5,3.2%
2024-11-01,哈利·波特与火焰杯,,1.00亿,626.04万,8.7%,14833,3.8%,10.4,6.7%
2024-11-01,鸳鸯楼·惊魂,上映2天,1113.6万,539.57万,7.5%,23499,6.1%,7.0,7.4%
2024-11-01,爱你很久很久,上映首日,489.5万,392.66万,5.4%,18490,4.8%,5.8,6.0%
2024-11-01,志愿军：存亡之战,上映33天,11.66亿,381.09万,5.3%,21151,5.5%,4.5,4.5%
2024-11-01,这个杀手不太冷,上映首日,309.8万,282.79万,3.9%,24299,6.3%,3.1,2.9%
2024-11-01,蓦然回首,上映7天,3670.5万,165.93万,2.3%,13807,3.6%,3.2,3.0%
2024-11-01,老枪,上映首日,94.2万,85.31万,1.1%,14352,3.7%,1.6,1.7%
2024-11-01,哈利·波特与阿兹卡班的囚徒,,7514.1万,61.91万,0.8%,2283,0.5%,6.7,5.8%
2024-11-01,熊猫计划,上映32天,2.96亿,37.51万,0.5%,7120,1.8%,1.6,1.8%
2024-11-01,危机航线,上映33天,2.99亿,22.82万,0.3%,4538,1.1%,1.3,1.2%
2024-11-01,一竞到底,上映首日,18.7万,17.24万,0.2%,1814,0.4%,2.8,3.1%
2024-11-01,海绵宝宝：拯救比奇堡,上映15天,2009.1万,16.16万,0.2%,3901,1.0%,1.2,1.3%
2024-11-01,浴火之路,上映32天,4.61亿,11.38万,0.1%,3025,0.7%,1.0,1.0%
2024-11-01,小丑2：双重妄想,上映17天,5332.0万,9.87万,0.1%,1459,0.3%,1.6,1.8%
2024-11-01,田园时代,上映21天,255.3万,8.17万,0.1%,34,<0.1%,75.8,34.7%
2024-11-01,哈利·波特与密室,,9568.9万,7.44万,0.1%,495,0.1%,3.8,3.7%
2024-11-01,只此青绿,上映32天,5028.1万,6.75万,<0.1%,945,0.2%,1.7,1.6%
2024-11-01,哈利·波特与魔法石,,3.22亿,5.93万,<0.1%,401,0.1%,3.9,3.9%
2024-11-01,里斯本丸沉没,上映57天,4432.6万,5.85万,<0.1%,188,<0.1%,7.3,6.4%
2024-11-01,与你相遇的日子,上映36天,814.3万,5.46万,<0.1%,30,<0.1%,49.7,41.6%
2024-11-01,变形金刚：起源,上映36天,1.49亿,4.52万,<0.1%,856,0.2%,1.4,1.5%
2024-11-01,大突围,点映,27.2万,4.37万,<0.1%,84,<0.1%,14.9,5.1%
2024-11-01,出走的决心,上映48天,1.23亿,2.43万,<0.1%,451,0.1%,1.6,1.9%
2024-11-01,苍穹,展映,2776.4万,2.18万,<0.1%,6,<0.1%,91.2,--
2024-11-01,孤军,,3203.3万,1.94万,<0.1%,19,<0.1%,40.8,10.5%
2024-11-01,门前宝地,上映43天,169.3万,1.77万,<0.1%,7,<0.1%,69.7,28.5%
2024-11-01,749局,上映32天,3.75亿,1.71万,<0.1%,624,0.1%,0.8,0.9%
2024-11-01,青年邓颖超,,138.1万,1.63万,<0.1%,19,<0.1%,42.9,13.6%
2024-11-01,开国将帅授衔1955,,834.3万,1.61万,<0.1%,22,<0.1%,20.5,--
2024-11-01,断线之后,,17.6万,1.57万,<0.1%,12,<0.1%,61.6,--
2024-11-01,爆款好人,上映32天,2706.7万,1.52万,<0.1%,210,<0.1%,2.0,1.6%
2024-11-01,野孩子,上映50天,2.41亿,1.35万,<0.1%,26,<0.1%,14.8,8.2%
2024-11-01,一生交给党,,330.8万,1.33万,<0.1%,16,<0.1%,32.5,2.7%
2024-11-01,荒野机器人,上映43天,5097.4万,1.29万,<0.1%,195,<0.1%,1.7,1.5%
2024-11-01,密室逃脱,上映15天,412.8万,1.21万,<0.1%,894,0.2%,0.4,0.4%
2024-11-01,富贵东西,,344.3万,1.13万,<0.1%,8,<0.1%,28.4,--
2024-11-01,祝你幸福！,上映48天,6000.0万,1.00万,<0.1%,11,<0.1%,18.2,13.2%
2024-11-01,逆行人生,上映85天,3.59亿,0.97万,<0.1%,25,<0.1%,9.4,2.0%
2024-11-01,凤鸣飞天,上映3天,5.7万,0.93万,<0.1%,62,<0.1%,5.0,4.5%
2024-11-01,解密,上映91天,3.34亿,0.90万,<0.1%,16,<0.1%,13.9,8.5%
2024-11-01,冬天没有童话,,20.3万,0.90万,<0.1%,2,<0.1%,150.0,--
2024-11-01,你是我的英雄,,1105.9万,0.84万,<0.1%,15,<0.1%,18.9,--
2024-11-01,反腐枪声,,10.8万,0.78万,<0.1%,5,<0.1%,72.8,--
2024-11-01,巡察,,12.4万,0.78万,<0.1%,5,<0.1%,72.8,41.2%
2024-11-01,阿莫阿依,,1327.9万,0.75万,<0.1%,8,<0.1%,37.8,16.1%
2024-11-01,车库,上映43天,67.7万,0.74万,<0.1%,32,<0.1%,6.7,0.8%
2024-11-01,女人世界,点映,6.3万,0.68万,<0.1%,2,<0.1%,106.5,67.0%
2024-11-01,开国宴风云,上映43天,46.8万,0.68万,<0.1%,10,<0.1%,23.5,32.7%
2024-11-01,陌上花开,上映8天,7.4万,0.59万,<0.1%,43,<0.1%,4.9,5.2%
2024-11-01,新大头儿子和小头爸爸6：迷你大冒险,上映32天,2765.5万,0.57万,<0.1%,277,<0.1%,0.7,0.6%
2024-11-01,云上的云,上映15天,1078.5万,0.55万,<0.1%,113,<0.1%,1.7,1.5%
2024-11-01,音乐课,上映18天,25.3万,0.48万,<0.1%,11,<0.1%,16.5,6.8%
2024-11-01,单声,,179.9万,0.47万,<0.1%,8,<0.1%,29.8,83.3%
2024-11-01,草原的夏天,,10.0万,0.45万,<0.1%,1,<0.1%,150.0,--
2024-11-01,非洲：塞伦盖蒂国家公园,,10.8万,0.45万,<0.1%,1,<0.1%,150.0,--
2024-11-01,熊猫盼盼,展映,48.4万,0.45万,<0.1%,1,<0.1%,150.0,--
2024-11-01,康熙与路易十四,,209.5万,0.42万,<0.1%,3,<0.1%,34.0,5.1%
2024-11-01,名侦探柯南：百万美元的五棱星,上映78天,2.86亿,0.41万,<0.1%,82,<0.1%,1.4,1.8%
2024-11-01,申纪兰,,482.7万,0.40万,<0.1%,13,<0.1%,12.3,--
2024-11-01,唤醒者,,518.1万,0.30万,<0.1%,2,<0.1%,52.0,--
2024-11-01,生死坚守,,93.9万,0.30万,<0.1%,7,<0.1%,21.6,62.1%
2024-11-01,踢出个未来,上映35天,124.8万,0.29万,<0.1%,2,<0.1%,50.5,74.2%
2024-11-01,我要当老师,,1303.5万,0.29万,<0.1%,1,<0.1%,97.0,0.8%
2024-11-01,周立波回清溪,,1055.2万,0.28万,<0.1%,1,<0.1%,114.0,--
2024-11-01,伟大征程,上映2天,8.4万,0.27万,<0.1%,533,0.1%,0.2,0.1%
2024-11-01,俺的傻娘,上映18天,2.6万,0.25万,<0.1%,3,<0.1%,24.0,--
2024-11-01,我的爷爷,上映43天,252.9万,0.22万,<0.1%,3,<0.1%,24.7,--
2024-11-01,桃李无言,上映16天,29.9万,0.20万,<0.1%,1,<0.1%,80.0,--
2024-11-01,邓小平小道,,2741.4万,0.19万,<0.1%,1,<0.1%,57.0,19.2%
2024-11-01,范蠡献西施（戏曲 粤剧）,上映15天,5.1万,0.14万,<0.1%,6,<0.1%,9.3,11.7%
2024-11-01,绑架游戏,上映21天,1614.7万,0.13万,<0.1%,379,<0.1%,0.1,0.1%
2024-11-01,金色少年,上映60天,18.4万,0.13万,<0.1%,3,<0.1%,13.7,11.3%
2024-11-01,一山之隔,,203.7万,0.13万,<0.1%,10,<0.1%,5.2,--
2024-11-01,奇妙萌可大电影,上映48天,1082.4万,0.12万,<0.1%,61,<0.1%,0.6,0.6%
2024-11-01,一江清水,零点场,1090,0.10万,<0.1%,2,<0.1%,14.0,--
2024-11-01,加拉帕戈斯：自然的仙境,展映,78.2万,0.10万,<0.1%,1,<0.1%,25.0,7.3%
2024-11-01,江南：在爱开始的地方等你,上映48天,346.0万,0.10万,<0.1%,124,<0.1%,0.2,0.2%
2024-11-01,光之子,上映13天,11.1万,0.09万,<0.1%,29,<0.1%,0.9,2.0%
2024-11-01,清道夫,上映首日,2.4万,0.09万,<0.1%,100,<0.1%,0.3,0.2%
2024-11-01,荧屏奇遇,,10.1万,0.08万,<0.1%,1,<0.1%,27.0,--
2024-11-01,姥姥的外孙,上映71天,1.26亿,0.08万,<0.1%,14,<0.1%,1.6,2.1%
2024-11-01,开国大典,,1.7万,0.07万,<0.1%,6,<0.1%,4.0,11.1%
2024-11-01,816,上映14天,78.3万,0.07万,<0.1%,51,<0.1%,0.4,0.6%
2024-11-01,北极荒原,展映,168.1万,0.07万,<0.1%,1,<0.1%,16.0,4.7%
2024-11-01,盐湖计划,上映10天,5.8万,0.06万,<0.1%,58,<0.1%,0.5,0.5%
2024-11-01,白蛇：浮生,上映84天,4.25亿,0.05万,<0.1%,29,<0.1%,0.5,0.7%
2024-11-01,堡垒,,281.7万,0.03万,<0.1%,1,<0.1%,14.0,20.8%
2024-11-01,永不消逝的电波（舞台纪录电影·舞剧）,,218.5万,0.03万,<0.1%,3,<0.1%,4.3,1.1%
2024-11-01,幸福的模样,上映89天,37.1万,0.03万,<0.1%,1,<0.1%,9.0,--
2024-11-01,冲撞,上映8天,8.2万,0.03万,<0.1%,20,<0.1%,0.6,0.5%
2024-11-01,流浪地球2,,40.43亿,0.03万,<0.1%,13,<0.1%,0.8,1.5%
2024-11-01,加班惊魂,上映84天,455.3万,0.01万,<0.1%,8,<0.1%,0.6,0.9%
2024-11-01,朱同在三年级丢失了超能力,,1515.8万,0.01万,<0.1%,1,<0.1%,6.0,--
2024-11-01,魔幻奇缘之宝石公主,,813.8万,0.01万,<0.1%,1,<0.1%,5.0,10.2%
2024-11-01,大圣降妖,上映48天,215.5万,0.00万,<0.1%,5,<0.1%,0.4,0.1%
2024-11-01,重生,上映78天,4.64亿,0.00万,<0.1%,15,<0.1%,0.1,0.1%
2024-11-01,超级的我,,1223.2万,0.00万,<0.1%,8,<0.1%,0.3,--
2024-11-01,哆啦A梦：大雄的地球交响乐,,1.31亿,0.00万,<0.1%,1,<0.1%,2.0,2.5%
2024-11-01,流浪地球2：再次冒险,上映48天,54.3万,0.00万,<0.1%,3,<0.1%,0.3,--
2024-11-01,蛋宝大营救,上映56天,543.2万,0.00万,<0.1%,9,<0.1%,0.1,0.1%
2024-11-01,新龙门客栈（舞台纪录电影·越剧）,上映64天,610.5万,0.00万,<0.1%,1,<0.1%,1.0,0.7%
2024-11-01,忠爱无言2,,87.1万,0.00万,<0.1%,2,<0.1%,0.5,--
2024-11-01,坂本龙一：杰作,,494.2万,0.00万,<0.1%,1,<0.1%,0.0,--
2024-11-01,皮皮鲁和鲁西西之309暗室,,358.5万,0万,<0.1%,15,<0.1%,0.0,0.2%
2024-11-01,开国大典(上集),,93.9万,0万,<0.1%,2,<0.1%,0.0,--
2024-11-01,走走停停,,1.02亿,0万,<0.1%,1,<0.1%,0.0,--
2024-11-01,我的爸爸是国王,,1569.1万,0万,<0.1%,1,<0.1%,0.0,--
2024-11-01,一代人师严修,上映53天,10.2万,0万,<0.1%,11,<0.1%,0.0,--
2024-11-01,爱情神话,,2.60亿,0万,<0.1%,4,<0.1%,0.0,0.3%
2024-11-01,阿里巴巴与神灯,,2223.5万,0万,<0.1%,1,<0.1%,0.0,--
2024-11-01,寂静之地：入侵日,,1.29亿,0万,<0.1%,1,<0.1%,0.0,--
2024-11-01,大场面,上映48天,1245.2万,0万,<0.1%,3,<0.1%,0.0,--
2024-11-01,我，就是风!,,1220.2万,0万,<0.1%,1,<0.1%,0.0,--
2024-11-01,悟青春,上映53天,3129,0万,<0.1%,1,<0.1%,0.0,--
2024-11-01,那个不为人知的故事,,点映,0万,<0.1%,4,<0.1%,0.0,--
2024-11-01,抓娃娃,,33.27亿,0万,<0.1%,1,<0.1%,0.0,--
2024-11-01,谷魂,,43.2万,0万,<0.1%,5,<0.1%,0.0,--
2024-11-01,森林飞侠,上映48天,40.3万,0万,<0.1%,3,<0.1%,0.0,--
2024-11-01,神偷奶爸4,,4.23亿,0万,<0.1%,1,<0.1%,0.0,--
2024-11-01,等儿的湿地,,1.3万,0万,<0.1%,1,<0.1%,0.0,--
2024-11-01,这个杀手不太冷静,,26.27亿,0万,<0.1%,11,<0.1%,0.0,0.1%
2024-11-01,宇宙探索编辑部,,6722.4万,0万,<0.1%,1,<0.1%,0.0,--
2024-11-01,航海王：红发歌姬,,1.85亿,0万,<0.1%,1,<0.1%,0.0,--
2024-11-01,流浪地球,,46.87亿,0万,<0.1%,2,<0.1%,0.0,--
2024-11-01,中国机长,,29.13亿,0万,<0.1%,2,<0.1%,0.0,--
2024-11-01,我们的岁月,,1022.3万,0万,<0.1%,1,<0.1%,0.0,--
2024-11-01,脐带,,169.8万,0万,<0.1%,1,<0.1%,0.0,--
2024-11-01,钢铁意志,,1.03亿,0万,<0.1%,1,<0.1%,0.0,--
2024-11-01,头脑特工队2,,3.44亿,0万,<0.1%,1,<0.1%,0.0,--
2024-11-01,唐山大地震,,6.50亿,0万,<0.1%,11,<0.1%,0.0,0.1%
2024-11-01,通往夏天的隧道，再见的出口,上映64天,1685.5万,0万,<0.1%,1,<0.1%,0.0,--
2024-11-01,玩转门神,,30.3万,0万,<0.1%,1,<0.1%,0.0,--
2024-11-01,咱们的工会主席,,14.1万,0万,<0.1%,2,<0.1%,0.0,--
2024-11-01,新大头儿子和小头爸爸2一日成才,,9039.8万,0万,<0.1%,1,<0.1%,0.0,--
2024-11-01,白夜书店,上映36天,1151,0万,<0.1%,1,<0.1%,0.0,--
2024-11-01,哈利·波特与凤凰社,,1.45亿,0万,<0.1%,1,<0.1%,0.0,--
2024-11-01,从21世纪安全撤离,上映92天,1.12亿,0万,<0.1%,1,<0.1%,0.0,--
2024-11-01,猪猪侠大电影·恐龙日记,,7932.2万,0万,<0.1%,1,<0.1%,0.0,--
2024-11-01,带彩球的帐篷,,7.9万,0万,<0.1%,2,<0.1%,0.0,--
2024-11-01,一雪前耻,上映48天,9385.6万,0万,<0.1%,1,<0.1%,0.0,--
2024-11-01,夹缝之间,点映,8.0万,0万,<0.1%,15,<0.1%,0.0,--
2024-11-01,草原大作战,,190.6万,0万,<0.1%,1,<0.1%,0.0,--
2024-11-01,极速阻击,,1.0万,0万,<0.1%,2,<0.1%,0.0,--
2024-11-01,战火青春,,展映,0万,<0.1%,37,<0.1%,0.0,--
2024-11-01,开国大典(下集),,10.7万,0万,<0.1%,2,<0.1%,0.0,--
2024-11-01,燃烧的巴黎圣母院,,99.7万,0万,<0.1%,1,<0.1%,0.0,--
2024-11-01,全员嫌疑人,上映48天,2171.7万,0万,<0.1%,1,<0.1%,0.0,--
2024-11-01,看不见的朋友,上映43天,72.9万,0万,<0.1%,1,<0.1%,0.0,--
2024-11-01,封神第一部,,26.34亿,0万,<0.1%,1,<0.1%,0.0,--
2024-11-01,喜羊羊与灰太狼之守护,,9123.4万,0万,<0.1%,1,<0.1%,0.0,--
2024-11-01,血溅鸳鸯楼,,,0万,<0.1%,2,<0.1%,0.0,--
2024-11-01,乡见未晚,上映50天,29.7万,0万,<0.1%,4,<0.1%,0.0,--
2024-11-01,八角笼中,,22.07亿,0万,<0.1%,2,<0.1%,0.0,--
2024-11-01,熊出没·伴我“熊芯”,,14.95亿,0万,<0.1%,1,<0.1%,0.0,--
2024-11-01,爸爸是外星人,,505.5万,0万,<0.1%,1,<0.1%,0.0,--
2024-11-01,熊出没·逆转时空,,19.84亿,0万,<0.1%,2,<0.1%,0.0,--
2024-11-01,金腰带,上映71天,114.8万,0万,<0.1%,1,<0.1%,0.0,--
2024-11-01,加菲猫家族,,1.84亿,0万,<0.1%,1,<0.1%,0.0,--
2024-11-01,根本停不下来,展映,7.4万,0万,<0.1%,4,<0.1%,0.0,--
2024-11-01,与孩子一同成长,上映53天,14.9万,0万,<0.1%,2,<0.1%,0.0,--
2024-11-01,猴脸,上映66天,1.8万,0万,<0.1%,2,<0.1%,0.0,--
2024-11-01,沉默高原,上映15天,5.3万,0万,<0.1%,3,<0.1%,0.0,--
2024-11-02,毒液：最后一舞,上映11天,4.71亿,4903.93万,35.1%,101973,23.4%,11.7,7.4%
2024-11-02,焚城,上映2天,6102.9万,2964.15万,21.2%,80493,18.5%,9.1,7.1%
2024-11-02,哈利·波特与火焰杯,,1.11亿,1121.82万,8.0%,14816,3.4%,18.3,11.9%
2024-11-02,乔妍的心事,上映8天,1.23亿,1112.34万,7.9%,43431,9.9%,6.6,6.1%
2024-11-02,鸳鸯楼·惊魂,上映3天,2027.6万,913.97万,6.5%,38805,8.9%,7.1,7.5%
2024-11-02,爱你很久很久,上映2天,1068.1万,578.57万,4.1%,36556,8.4%,4.2,4.3%
2024-11-02,蓦然回首,上映8天,4199.5万,529.00万,3.7%,19262,4.4%,7.2,6.7%
2024-11-02,志愿军：存亡之战,上映34天,11.70亿,395.20万,2.8%,17704,4.0%,5.6,5.4%
2024-11-02,这个杀手不太冷,上映2天,686.1万,376.22万,2.6%,21972,5.0%,4.4,4.2%
2024-11-02,哈利·波特与阿兹卡班的囚徒,,7706.9万,192.80万,1.3%,2302,0.5%,19.9,16.5%
2024-11-02,海绵宝宝：拯救比奇堡,上映16天,2188.1万,178.92万,1.2%,11101,2.5%,4.5,4.9%
2024-11-02,熊猫计划,上映33天,2.98亿,163.29万,1.1%,8682,1.9%,5.8,6.4%
2024-11-02,老枪,上映2天,220.4万,126.21万,0.9%,18523,4.2%,1.8,2.0%
2024-11-02,变形金刚：起源,上映37天,1.50亿,45.58万,0.3%,2231,0.5%,5.3,5.7%
2024-11-02,火影忍者剧场版：忍者之路,点映,43.9万,43.98万,0.3%,183,<0.1%,61.5,50.3%
2024-11-02,哈利·波特与密室,,9606.7万,37.86万,0.2%,531,0.1%,16.4,15.4%
2024-11-02,哈利·波特与魔法石,,3.23亿,37.40万,0.2%,478,0.1%,18.2,16.2%
2024-11-02,危机航线,上映34天,2.99亿,23.77万,0.1%,3061,0.7%,1.9,2.2%
2024-11-02,小丑2：双重妄想,上映18天,5351.0万,19.07万,0.1%,1188,0.2%,3.8,4.5%
2024-11-02,一竞到底,上映2天,36.4万,17.74万,0.1%,1171,0.2%,4.4,4.9%
2024-11-02,只此青绿,上映33天,5043.2万,15.01万,0.1%,792,0.1%,4.5,4.8%
2024-11-02,浴火之路,上映33天,4.61亿,13.88万,<0.1%,2000,0.4%,1.8,2.2%
2024-11-02,荒野机器人,上映44天,5110.3万,12.94万,<0.1%,532,0.1%,6.4,7.2%
2024-11-02,爱情神话,,2.60亿,9.47万,<0.1%,2101,0.4%,1.2,1.2%
2024-11-02,新大头儿子和小头爸爸6：迷你大冒险,上映33天,2772.1万,6.60万,<0.1%,946,0.2%,2.2,2.6%
2024-11-02,与你相遇的日子,上映37天,820.8万,6.40万,<0.1%,35,<0.1%,50.1,56.0%
2024-11-02,田园时代,上映22天,261.5万,6.21万,<0.1%,23,<0.1%,83.0,48.0%
2024-11-02,里斯本丸沉没,上映58天,4437.6万,4.98万,<0.1%,143,<0.1%,9.1,9.1%
2024-11-02,出走的决心,上映49天,1.23亿,4.60万,<0.1%,341,<0.1%,3.8,4.8%
2024-11-02,苍穹,展映,2780.6万,4.18万,<0.1%,6,<0.1%,174.2,--
2024-11-02,奇妙萌可大电影,上映49天,1086.6万,4.16万,<0.1%,298,<0.1%,4.6,5.4%
2024-11-02,749局,上映33天,3.75亿,4.09万,<0.1%,510,0.1%,2.3,2.9%
2024-11-02,女人世界,点映,10.0万,3.69万,<0.1%,4,<0.1%,200.5,98.6%
2024-11-02,名侦探柯南：百万美元的五棱星,上映79天,2.86亿,3.49万,<0.1%,155,<0.1%,6.4,8.1%
2024-11-02,开国将帅授衔1955,,836.9万,2.63万,<0.1%,17,<0.1%,42.5,--
2024-11-02,大突围,点映,29.6万,2.38万,<0.1%,46,<0.1%,14.7,5.9%
2024-11-02,门前宝地,上映44天,171.6万,2.29万,<0.1%,9,<0.1%,68.1,0.8%
2024-11-02,最后的里程,点映,2.1万,2.17万,<0.1%,6,<0.1%,77.8,94.6%
2024-11-02,云上的云,上映16天,1080.3万,1.76万,<0.1%,45,<0.1%,14.7,9.0%
2024-11-02,密室逃脱,上映16天,414.5万,1.73万,<0.1%,754,0.1%,0.7,0.7%
2024-11-02,冬天没有童话,,21.9万,1.62万,<0.1%,3,<0.1%,180.0,--
2024-11-02,俺的傻娘,上映19天,4.0万,1.40万,<0.1%,6,<0.1%,62.0,--
2024-11-02,爆款好人,上映33天,2708.0万,1.34万,<0.1%,106,<0.1%,3.4,3.1%
2024-11-02,踢出个未来,上映36天,126.0万,1.25万,<0.1%,6,<0.1%,77.8,40.6%
2024-11-02,一江清水,上映首日,1.3万,1.23万,<0.1%,27,<0.1%,13.2,--
2024-11-02,加拉帕戈斯：自然的仙境,展映,79.1万,0.83万,<0.1%,1,<0.1%,205.0,60.2%
2024-11-02,816,上映15天,79.1万,0.80万,<0.1%,55,<0.1%,4.9,4.2%
2024-11-02,开国宴风云,上映44天,47.5万,0.68万,<0.1%,9,<0.1%,26.4,29.0%
2024-11-02,野孩子,上映51天,2.41亿,0.54万,<0.1%,22,<0.1%,6.8,2.0%
2024-11-02,草原的夏天,,10.6万,0.54万,<0.1%,1,<0.1%,180.0,--
2024-11-02,非洲：塞伦盖蒂国家公园,,11.3万,0.54万,<0.1%,1,<0.1%,180.0,--
2024-11-02,荧屏奇遇,,10.6万,0.54万,<0.1%,1,<0.1%,180.0,--
2024-11-02,雪豹,,848.0万,0.52万,<0.1%,1,<0.1%,124.0,--
2024-11-02,一和多,上映87天,8.9万,0.52万,<0.1%,1,<0.1%,124.0,--
2024-11-02,音乐课,上映19天,25.8万,0.52万,<0.1%,11,<0.1%,23.0,1.4%
2024-11-02,凤鸣飞天,上映4天,6.2万,0.48万,<0.1%,31,<0.1%,5.2,5.2%
2024-11-02,北极荒原,展映,168.6万,0.47万,<0.1%,1,<0.1%,111.0,32.6%
2024-11-02,光之子,上映14天,11.6万,0.47万,<0.1%,26,<0.1%,4.8,8.8%
2024-11-02,奔跑吧，麋鹿,上映59天,32.0万,0.46万,<0.1%,2,<0.1%,77.5,72.5%
2024-11-02,康熙与路易十四,,209.9万,0.43万,<0.1%,3,<0.1%,35.3,9.0%
2024-11-02,流浪地球2：再次冒险,上映49天,54.7万,0.43万,<0.1%,3,<0.1%,36.3,--
2024-11-02,阿莫阿依,,1328.4万,0.43万,<0.1%,5,<0.1%,34.8,46.6%
2024-11-02,蛋宝大营救,上映57天,543.7万,0.43万,<0.1%,30,<0.1%,4.5,1.7%
2024-11-02,申纪兰,,483.1万,0.32万,<0.1%,6,<0.1%,21.8,0.3%
2024-11-02,姥姥的外孙,上映72天,1.26亿,0.31万,<0.1%,13,<0.1%,6.2,8.2%
2024-11-02,白蛇：浮生,上映85天,4.25亿,0.31万,<0.1%,43,<0.1%,1.9,2.7%
2024-11-02,陌上花开,上映9天,7.6万,0.29万,<0.1%,26,<0.1%,4.5,3.2%
2024-11-02,解密,上映92天,3.34亿,0.27万,<0.1%,10,<0.1%,7.7,29.1%
2024-11-02,绑架游戏,上映22天,1615.0万,0.24万,<0.1%,241,<0.1%,0.3,0.4%
2024-11-02,夹缝之间,点映,8.2万,0.20万,<0.1%,2,<0.1%,33.0,22.0%
2024-11-02,熊猫盼盼,展映,48.6万,0.18万,<0.1%,1,<0.1%,63.0,--
2024-11-02,梦幻恋人,上映首日,1828,0.18万,<0.1%,2,<0.1%,36.5,30.2%
2024-11-02,富贵东西,,344.5万,0.18万,<0.1%,6,<0.1%,10.0,--
2024-11-02,我的爷爷,上映44天,253.1万,0.15万,<0.1%,1,<0.1%,30.0,4.0%
2024-11-02,断线之后,,17.7万,0.14万,<0.1%,2,<0.1%,36.0,--
2024-11-02,范蠡献西施（戏曲 粤剧）,上映16天,5.2万,0.13万,<0.1%,3,<0.1%,17.7,27.1%
2024-11-02,江南：在爱开始的地方等你,上映49天,346.1万,0.12万,<0.1%,119,<0.1%,0.3,0.3%
2024-11-02,清道夫,上映2天,2.5万,0.12万,<0.1%,62,<0.1%,0.5,0.5%
2024-11-02,又见米乐,上映83天,6.2万,0.12万,<0.1%,3,<0.1%,15.3,18.2%
2024-11-02,泪光中的妈妈,,135.5万,0.12万,<0.1%,6,<0.1%,10.3,0.6%
2024-11-02,同学们,,26.7万,0.12万,<0.1%,4,<0.1%,15.0,--
2024-11-02,一生交给党,,330.9万,0.10万,<0.1%,2,<0.1%,20.0,--
2024-11-02,加菲猫家族,,1.84亿,0.08万,<0.1%,7,<0.1%,5.1,41.5%
2024-11-02,盐湖计划,上映11天,5.9万,0.07万,<0.1%,47,<0.1%,0.5,0.1%
2024-11-02,幸福的模样,上映90天,37.1万,0.07万,<0.1%,1,<0.1%,21.0,--
2024-11-02,生死坚守,,94.0万,0.07万,<0.1%,1,<0.1%,35.0,48.1%
2024-11-02,伟大征程,上映3天,8.5万,0.06万,<0.1%,173,<0.1%,<0.1,0.0%
2024-11-02,逆行人生,上映86天,3.59亿,0.05万,<0.1%,9,<0.1%,1.4,3.3%
2024-11-02,车库,上映44天,67.7万,0.05万,<0.1%,8,<0.1%,2.0,0.8%
2024-11-02,超级的我,,1223.2万,0.03万,<0.1%,8,<0.1%,1.3,--
2024-11-02,祝你幸福！,上映49天,6000.0万,0.03万,<0.1%,7,<0.1%,1.1,0.2%
2024-11-02,森林飞侠,上映49天,40.3万,0.03万,<0.1%,5,<0.1%,1.8,1.6%
2024-11-02,生命底色,,63.2万,0.03万,<0.1%,1,<0.1%,12.0,--
2024-11-02,永不消逝的电波（舞台纪录电影·舞剧）,,218.5万,0.02万,<0.1%,3,<0.1%,3.7,0.6%
2024-11-02,信仰无敌,,84.5万,0.02万,<0.1%,1,<0.1%,10.0,--
2024-11-02,带彩球的帐篷,,8.0万,0.01万,<0.1%,2,<0.1%,3.0,3.0%
2024-11-02,血溅鸳鸯楼,,179,0.01万,<0.1%,1,<0.1%,3.0,4.0%
2024-11-02,开国大典(上集),,93.9万,0.01万,<0.1%,2,<0.1%,3.5,2.7%
2024-11-02,根本停不下来,展映,7.4万,0.01万,<0.1%,5,<0.1%,1.0,0.6%
2024-11-02,我，就是风!,,1220.2万,0.01万,<0.1%,2,<0.1%,2.0,1.8%
2024-11-02,皮皮鲁和鲁西西之309暗室,,358.5万,0.00万,<0.1%,2,<0.1%,1.0,--
2024-11-02,大圣降妖,上映49天,215.5万,0.00万,<0.1%,8,<0.1%,0.3,0.1%
2024-11-02,加班惊魂,上映85天,455.3万,0.00万,<0.1%,3,<0.1%,0.7,0.8%
2024-11-02,胜券在握,点映,40,0.00万,<0.1%,1,<0.1%,0.0,--
2024-11-02,沉默高原,上映16天,5.3万,0.00万,<0.1%,2,<0.1%,0.5,--
2024-11-02,忠爱无言2,,87.1万,0.00万,<0.1%,2,<0.1%,0.5,--
2024-11-02,天降大任,,3209.5万,0万,<0.1%,1,<0.1%,0.0,--
2024-11-02,疯狂丑小鸭2靠谱英雄,,1002.3万,0万,<0.1%,3,<0.1%,0.0,--
2024-11-02,潜艇总动员：环游地球80天,,5261.5万,0万,<0.1%,7,<0.1%,0.0,--
2024-11-02,寂静之地：入侵日,,1.29亿,0万,<0.1%,1,<0.1%,0.0,--
2024-11-02,志愿军：雄兵出击,,8.68亿,0万,<0.1%,1,<0.1%,0.0,--
2024-11-02,出发,,644.9万,0万,<0.1%,1,<0.1%,0.0,--
2024-11-02,单声,,179.9万,0万,<0.1%,1,<0.1%,0.0,--
2024-11-02,那个不为人知的故事,,点映,0万,<0.1%,7,<0.1%,0.0,--
2024-11-02,古田军号,,5878.1万,0万,<0.1%,1,<0.1%,0.0,--
2024-11-02,冲撞,上映9天,8.2万,0万,<0.1%,13,<0.1%,0.0,4.2%
2024-11-02,抓娃娃,,33.27亿,0万,<0.1%,1,<0.1%,0.0,--
2024-11-02,魔法精灵,,631.9万,0万,<0.1%,2,<0.1%,0.0,--
2024-11-02,功夫王之萌虎上山,,522.6万,0万,<0.1%,7,<0.1%,0.0,--
2024-11-02,流浪地球,,46.87亿,0万,<0.1%,2,<0.1%,0.0,--
2024-11-02,超级飞侠：乐迪加速,,7075.7万,0万,<0.1%,1,<0.1%,0.0,--
2024-11-02,决赛日,,展映,0万,<0.1%,2,<0.1%,0.0,--
2024-11-02,汪汪队立大功大电影2：超能大冒险,,1.38亿,0万,<0.1%,1,<0.1%,0.0,--
2024-11-02,恐龙飞车,,115.5万,0万,<0.1%,1,<0.1%,0.0,--
2024-11-02,头脑特工队2,,3.44亿,0万,<0.1%,4,<0.1%,0.0,--
2024-11-02,流浪地球2,,40.43亿,0万,<0.1%,4,<0.1%,0.0,--
2024-11-02,冰雪奇缘2,,8.60亿,0万,<0.1%,4,<0.1%,0.0,--
2024-11-02,哈利·波特与凤凰社,,1.45亿,0万,<0.1%,1,<0.1%,0.0,--
2024-11-02,新猪猪侠大电影·超级赛车,,5370.5万,0万,<0.1%,11,<0.1%,0.0,--
2024-11-02,从21世纪安全撤离,上映93天,1.12亿,0万,<0.1%,1,<0.1%,0.0,--
2024-11-02,七十七天,,1.03亿,0万,<0.1%,1,<0.1%,0.0,--
2024-11-02,我要当老师,,1303.5万,0万,<0.1%,1,<0.1%,0.0,--
2024-11-02,哥斯拉大战金刚2：帝国崛起,,9.56亿,0万,<0.1%,1,<0.1%,0.0,--
2024-11-02,寻秘自然：无形之力,,71.9万,0万,<0.1%,1,<0.1%,0.0,--
2024-11-02,贝肯熊：火星任务,,8136.9万,0万,<0.1%,1,<0.1%,0.0,--
2024-11-02,大旅行,,83.0万,0万,<0.1%,2,<0.1%,0.0,--
2024-11-02,打过长江去,,2245.8万,0万,<0.1%,4,<0.1%,0.0,--
2024-11-02,拯救嫌疑人,,5.69亿,0万,<0.1%,1,<0.1%,0.0,--
2024-11-02,记忆消失前,上映44天,9.0万,0万,<0.1%,1,<0.1%,0.0,--
2024-11-02,熊出没·伴我“熊芯”,,14.95亿,0万,<0.1%,4,<0.1%,0.0,--
2024-11-02,熊出没·逆转时空,,19.84亿,0万,<0.1%,5,<0.1%,0.0,--
2024-11-02,与孩子一同成长,上映54天,14.9万,0万,<0.1%,3,<0.1%,0.0,--
2024-11-02,欢乐丛林之外星人大冒险,,389.6万,0万,<0.1%,1,<0.1%,0.0,--
2024-11-02,猴脸,上映67天,1.8万,0万,<0.1%,1,<0.1%,0.0,--
2024-11-02,疯狂小世界,,257.0万,0万,<0.1%,1,<0.1%,0.0,--
2024-11-02,开国大典,,1.7万,0万,<0.1%,1,<0.1%,0.0,--
2024-11-02,开心超人之英雄的心,,1657.0万,0万,<0.1%,3,<0.1%,0.0,--
2024-11-02,疯狂梦幻城,,521.6万,0万,<0.1%,1,<0.1%,0.0,--
2024-11-02,阿里巴巴与神灯,,2223.5万,0万,<0.1%,1,<0.1%,0.0,--
2024-11-02,青蛙王子历险记,,1121.0万,0万,<0.1%,1,<0.1%,0.0,--
2024-11-02,熊出没之熊心归来,,2.87亿,0万,<0.1%,1,<0.1%,0.0,--
2024-11-02,我是哪吒2之英雄归来,,1775.5万,0万,<0.1%,1,<0.1%,0.0,--
2024-11-02,神偷奶爸4,,4.23亿,0万,<0.1%,12,<0.1%,0.0,--
2024-11-02,一山之隔,,203.7万,0万,<0.1%,5,<0.1%,0.0,--
2024-11-02,新龙门客栈（舞台纪录电影·越剧）,上映65天,610.5万,0万,<0.1%,1,<0.1%,0.0,--
2024-11-02,这个杀手不太冷静,,26.27亿,0万,<0.1%,8,<0.1%,0.0,--
2024-11-02,两只小猪之勇闯神秘岛,,517.9万,0万,<0.1%,1,<0.1%,0.0,--
2024-11-02,中国机长,,29.13亿,0万,<0.1%,12,<0.1%,0.0,--
2024-11-02,脐带,,169.8万,0万,<0.1%,3,<0.1%,0.0,--
2024-11-02,绿林大冒险,,890.8万,0万,<0.1%,1,<0.1%,0.0,--
2024-11-02,唐山大地震,,6.50亿,0万,<0.1%,1,<0.1%,0.0,--
2024-11-02,白夜书店,上映37天,1151,0万,<0.1%,1,<0.1%,0.0,--
2024-11-02,猪猪侠大电影·恐龙日记,,7932.2万,0万,<0.1%,3,<0.1%,0.0,--
2024-11-02,白塔之光,,709.0万,0万,<0.1%,1,<0.1%,0.0,--
2024-11-02,江湖英雄联盟之奇门惊情,,展映,0万,<0.1%,1,<0.1%,0.0,--
2024-11-02,阿凡达：水之道,,16.98亿,0万,<0.1%,1,<0.1%,0.0,--
2024-11-02,战火青春,,展映,0万,<0.1%,37,<0.1%,0.0,--
2024-11-02,魔镜奇缘2,,2063.0万,0万,<0.1%,8,<0.1%,0.0,--
2024-11-02,全员嫌疑人,上映49天,2171.7万,0万,<0.1%,1,<0.1%,0.0,--
2024-11-02,笨鸟大冒险,,636.3万,0万,<0.1%,1,<0.1%,0.0,--
2024-11-02,看不见的朋友,上映44天,72.9万,0万,<0.1%,1,<0.1%,0.0,--
2024-11-02,疯狂丑小鸭,,2344.1万,0万,<0.1%,1,<0.1%,0.0,--
2024-11-02,照明商店,,2.75亿,0万,<0.1%,2,<0.1%,0.0,--
2024-11-02,饮料超人,,100.1万,0万,<0.1%,3,<0.1%,0.0,--
2024-11-02,乡见未晚,上映51天,29.7万,0万,<0.1%,4,<0.1%,0.0,--
2024-11-02,宇宙护卫队：风暴力量,,2013.2万,0万,<0.1%,1,<0.1%,0.0,--
2024-11-02,同学们好,,,0万,<0.1%,1,<0.1%,0.0,--
2024-11-02,你是我的英雄,,1105.9万,0万,<0.1%,6,<0.1%,0.0,--
2024-11-02,潜艇总动员：寻龙,,3228.7万,0万,<0.1%,3,<0.1%,0.0,--
2024-11-02,爸爸是外星人,,505.5万,0万,<0.1%,1,<0.1%,0.0,--
2024-11-02,金腰带,上映72天,114.8万,0万,<0.1%,1,<0.1%,0.0,--
2024-11-02,天龙押运,,,0万,<0.1%,4,<0.1%,0.0,--
2024-11-02,小破孩大状元,,638.1万,0万,<0.1%,2,<0.1%,0.0,--
2024-11-02,棉花糖和云朵妈妈1宝贝芯计划,,1290.9万,0万,<0.1%,1,<0.1%,0.0,--
2024-11-02,我和我的祖国,,31.70亿,0万,<0.1%,7,<0.1%,0.0,--
2024-11-02,扫黑·决不放弃,,1.92亿,0万,<0.1%,1,<0.1%,0.0,--
2024-11-02,指环王：护戒使者,,1.17亿,0万,<0.1%,2,<0.1%,0.0,--
2024-11-02,二郎神之深海蛟龙,,414.2万,0万,<0.1%,2,<0.1%,0.0,--
2024-11-02,重生,上映79天,4.64亿,0万,<0.1%,5,<0.1%,0.0,--
2024-11-03,毒液：最后一舞,上映12天,5.03亿,3224.75万,32.5%,102970,24.4%,7.6,4.7%
2024-11-03,焚城,上映3天,8654.6万,2551.71万,25.7%,74849,17.8%,8.3,6.4%
2024-11-03,乔妍的心事,上映9天,1.31亿,747.54万,7.5%,46394,11.0%,4.1,3.7%
2024-11-03,哈利·波特与火焰杯,,1.18亿,718.94万,7.2%,16447,3.9%,10.6,6.7%
2024-11-03,鸳鸯楼·惊魂,上映4天,2548.9万,521.31万,5.2%,30757,7.3%,5.1,5.3%
2024-11-03,蓦然回首,上映9天,4528.5万,329.03万,3.3%,20550,4.8%,4.2,3.9%
2024-11-03,爱你很久很久,上映3天,1394.2万,326.16万,3.2%,25803,6.1%,3.2,3.3%
2024-11-03,志愿军：存亡之战,上映35天,11.73亿,297.33万,2.9%,19280,4.5%,3.9,3.6%
2024-11-03,这个杀手不太冷,上映3天,965.9万,279.85万,2.8%,18086,4.3%,4.0,3.7%
2024-11-03,海绵宝宝：拯救比奇堡,上映17天,2375.2万,187.16万,1.8%,12622,3.0%,4.2,4.4%
2024-11-03,熊猫计划,上映34天,3.00亿,179.65万,1.8%,13315,3.1%,4.1,4.4%
2024-11-03,哈利·波特与阿兹卡班的囚徒,,7864.1万,157.25万,1.5%,3041,0.7%,12.4,10.2%
2024-11-03,老枪,上映3天,307.3万,86.88万,0.8%,16018,3.8%,1.5,1.6%
2024-11-03,变形金刚：起源,上映38天,1.50亿,47.50万,0.4%,2633,0.6%,4.7,4.9%
2024-11-03,哈利·波特与密室,,9637.0万,30.23万,0.3%,717,0.1%,9.8,9.1%
2024-11-03,哈利·波特与魔法石,,3.23亿,28.36万,0.2%,608,0.1%,11.0,9.8%
2024-11-03,危机航线,上映35天,2.99亿,20.85万,0.2%,3608,0.8%,1.4,1.6%
2024-11-03,只此青绿,上映34天,5060.8万,17.61万,0.1%,1089,0.2%,3.8,3.9%
2024-11-03,小丑2：双重妄想,上映19天,5366.9万,15.90万,0.1%,1416,0.3%,2.7,3.2%
2024-11-03,荒野机器人,上映45天,5122.3万,11.99万,0.1%,629,0.1%,4.8,5.6%
2024-11-03,浴火之路,上映34天,4.61亿,11.26万,0.1%,2217,0.5%,1.3,1.4%
2024-11-03,里斯本丸沉没,上映59天,4447.3万,9.77万,<0.1%,262,<0.1%,21.9,13.8%
2024-11-03,一竞到底,上映3天,45.5万,9.12万,<0.1%,1096,0.2%,2.5,2.6%
2024-11-03,新大头儿子和小头爸爸6：迷你大冒险,上映34天,2780.2万,8.14万,<0.1%,1132,0.2%,2.3,2.9%
2024-11-03,田园时代,上映23天,267.7万,6.16万,<0.1%,25,<0.1%,74.8,20.5%
2024-11-03,与你相遇的日子,上映38天,826.3万,5.58万,<0.1%,38,<0.1%,40.0,25.6%
2024-11-03,出走的决心,上映50天,1.23亿,5.12万,<0.1%,446,0.1%,3.2,3.9%
2024-11-03,奇妙萌可大电影,上映50天,1091.4万,4.84万,<0.1%,346,<0.1%,4.5,5.2%
2024-11-03,749局,上映34天,3.75亿,4.77万,<0.1%,614,0.1%,2.3,2.7%
2024-11-03,俺的傻娘,上映20天,8.1万,4.12万,<0.1%,13,<0.1%,69.8,--
2024-11-03,爱情神话,,2.60亿,3.99万,<0.1%,1075,0.2%,0.9,0.9%
2024-11-03,苍穹,展映,2784.2万,3.67万,<0.1%,6,<0.1%,153.2,--
2024-11-03,名侦探柯南：百万美元的五棱星,上映80天,2.86亿,3.63万,<0.1%,205,<0.1%,5.0,6.2%
2024-11-03,开国将帅授衔1955,,839.6万,2.71万,<0.1%,27,<0.1%,26.9,--
2024-11-03,最后的里程,点映,4.5万,2.37万,<0.1%,2,<0.1%,187.5,77.2%
2024-11-03,门前宝地,上映45天,173.8万,2.20万,<0.1%,7,<0.1%,86.3,1.2%
2024-11-03,你是我的英雄,,1107.8万,1.95万,<0.1%,8,<0.1%,48.8,10.0%
2024-11-03,富贵东西,,346.3万,1.78万,<0.1%,8,<0.1%,56.3,--
2024-11-03,冬天没有童话,,23.5万,1.62万,<0.1%,3,<0.1%,180.0,--
2024-11-03,女人世界,点映,11.3万,1.30万,<0.1%,5,<0.1%,81.8,74.7%
2024-11-03,一江清水,上映2天,2.5万,1.25万,<0.1%,27,<0.1%,12.9,--
2024-11-03,云上的云,上映17天,1081.4万,1.19万,<0.1%,65,<0.1%,6.7,4.1%
2024-11-03,泪光中的妈妈,,136.5万,1.02万,<0.1%,11,<0.1%,43.3,6.7%
2024-11-03,音乐课,上映20天,26.6万,0.75万,<0.1%,9,<0.1%,27.9,5.1%
2024-11-03,光之子,上映15天,12.3万,0.72万,<0.1%,28,<0.1%,10.4,1.4%
2024-11-03,开国宴风云,上映45天,48.2万,0.69万,<0.1%,10,<0.1%,24.0,30.8%
2024-11-03,野孩子,上映52天,2.41亿,0.62万,<0.1%,25,<0.1%,6.9,2.6%
2024-11-03,踢出个未来,上映37天,126.6万,0.62万,<0.1%,5,<0.1%,49.2,39.2%
2024-11-03,加拉帕戈斯：自然的仙境,展映,79.7万,0.61万,<0.1%,1,<0.1%,145.0,43.8%
2024-11-03,夹缝之间,点映,8.8万,0.58万,<0.1%,5,<0.1%,29.8,29.3%
2024-11-03,草原的夏天,,11.1万,0.54万,<0.1%,1,<0.1%,180.0,--
2024-11-03,荧屏奇遇,,11.1万,0.54万,<0.1%,1,<0.1%,180.0,--
2024-11-03,非洲：塞伦盖蒂国家公园,,11.8万,0.54万,<0.1%,1,<0.1%,180.0,--
2024-11-03,爆款好人,上映34天,2708.6万,0.53万,<0.1%,130,<0.1%,1.0,1.5%
2024-11-03,凤鸣飞天,上映5天,6.7万,0.49万,<0.1%,32,<0.1%,5.2,5.2%
2024-11-03,密室逃脱,上映17天,414.9万,0.43万,<0.1%,382,<0.1%,0.4,0.4%
2024-11-03,大突围,点映,30.1万,0.43万,<0.1%,54,<0.1%,2.2,1.6%
2024-11-03,同学们,,27.1万,0.43万,<0.1%,5,<0.1%,43.0,45.9%
2024-11-03,北极荒原,展映,169.0万,0.42万,<0.1%,1,<0.1%,98.0,30.8%
2024-11-03,忠爱无言2,,87.5万,0.38万,<0.1%,7,<0.1%,21.1,44.2%
2024-11-03,白蛇：浮生,上映86天,4.25亿,0.38万,<0.1%,52,<0.1%,1.9,2.2%
2024-11-03,姥姥的外孙,上映73天,1.26亿,0.25万,<0.1%,18,<0.1%,3.3,4.7%
2024-11-03,陌上花开,上映10天,7.9万,0.25万,<0.1%,33,<0.1%,3.0,0.0%
2024-11-03,熊猫盼盼,展映,48.9万,0.24万,<0.1%,1,<0.1%,83.0,--
2024-11-03,816,上映16天,79.3万,0.17万,<0.1%,56,<0.1%,0.8,0.7%
2024-11-03,最后的心事,上映51天,15.3万,0.16万,<0.1%,1,<0.1%,55.0,83.8%
2024-11-03,寻秘自然：无形之力,,72.1万,0.16万,<0.1%,1,<0.1%,40.0,--
2024-11-03,寻秘自然：地球往事,,149.3万,0.16万,<0.1%,1,<0.1%,40.0,--
2024-11-03,逆行人生,上映87天,3.59亿,0.14万,<0.1%,10,<0.1%,3.8,2.1%
2024-11-03,绑架游戏,上映23天,1615.1万,0.14万,<0.1%,239,<0.1%,0.2,0.2%
2024-11-03,范蠡献西施（戏曲 粤剧）,上映17天,5.3万,0.13万,<0.1%,3,<0.1%,18.0,1.6%
2024-11-03,过昭关,,51.3万,0.13万,<0.1%,1,<0.1%,21.0,15.4%
2024-11-03,幸福的模样,上映91天,37.3万,0.12万,<0.1%,1,<0.1%,37.0,--
2024-11-03,江南：在爱开始的地方等你,上映50天,346.2万,0.10万,<0.1%,119,<0.1%,0.3,0.2%
2024-11-03,伟大征程,上映4天,8.6万,0.09万,<0.1%,215,<0.1%,0.1,0.1%
2024-11-03,少年先锋,,73.8万,0.09万,<0.1%,1,<0.1%,32.0,31.5%
2024-11-03,冲撞,上映10天,8.3万,0.09万,<0.1%,13,<0.1%,2.2,3.3%
2024-11-03,猴脸,上映68天,1.9万,0.09万,<0.1%,3,<0.1%,10.0,7.6%
2024-11-03,一山之隔,,203.8万,0.08万,<0.1%,1,<0.1%,35.0,--
2024-11-03,清道夫,上映3天,2.6万,0.08万,<0.1%,57,<0.1%,0.4,0.4%
2024-11-03,康熙与路易十四,,210.0万,0.07万,<0.1%,3,<0.1%,6.0,5.2%
2024-11-03,爱乐之城,,2.79亿,0.07万,<0.1%,1,<0.1%,32.0,41.5%
2024-11-03,超级的我,,1223.3万,0.07万,<0.1%,8,<0.1%,2.5,--
2024-11-03,蛋宝大营救,上映58天,543.7万,0.07万,<0.1%,25,<0.1%,0.8,0.9%
2024-11-03,永不消逝的电波（舞台纪录电影·舞剧）,,218.6万,0.07万,<0.1%,5,<0.1%,4.4,3.6%
2024-11-03,流浪地球2：再次冒险,上映50天,54.8万,0.05万,<0.1%,4,<0.1%,2.8,4.3%
2024-11-03,梦幻恋人,上映2天,2356,0.05万,<0.1%,3,<0.1%,7.0,9.4%
2024-11-03,新龙门客栈（舞台纪录电影·越剧）,上映66天,610.6万,0.04万,<0.1%,2,<0.1%,5.5,6.9%
2024-11-03,又见米乐,上映84天,6.2万,0.04万,<0.1%,3,<0.1%,5.3,5.3%
2024-11-03,宇宙探索编辑部,,6722.4万,0.04万,<0.1%,1,<0.1%,9.0,--
2024-11-03,森林飞侠,上映50天,40.4万,0.03万,<0.1%,8,<0.1%,1.4,1.1%
2024-11-03,魔幻奇缘之宝石公主,,813.8万,0.03万,<0.1%,4,<0.1%,3.3,16.6%
2024-11-03,盐湖计划,上映12天,5.9万,0.03万,<0.1%,48,<0.1%,0.3,0.2%
2024-11-03,山河故人,,3235.0万,0.02万,<0.1%,1,<0.1%,5.0,3.2%
2024-11-03,脐带,,169.8万,0.02万,<0.1%,4,<0.1%,2.0,--
2024-11-03,祝你幸福！,上映50天,6000.0万,0.01万,<0.1%,9,<0.1%,0.6,0.4%
2024-11-03,加菲猫家族,,1.84亿,0.01万,<0.1%,8,<0.1%,0.5,6.3%
2024-11-03,大圣降妖,上映50天,215.6万,0.01万,<0.1%,10,<0.1%,0.4,0.3%
2024-11-03,开国大典(上集),,93.9万,0.01万,<0.1%,5,<0.1%,1.4,1.3%
2024-11-03,我，就是风!,,1220.2万,0.01万,<0.1%,1,<0.1%,4.0,--
2024-11-03,重生,上映80天,4.64亿,0.00万,<0.1%,3,<0.1%,0.7,0.3%
2024-11-03,神偷奶爸4,,4.23亿,0.00万,<0.1%,7,<0.1%,0.3,1.7%
2024-11-03,毒液：致命守护者,,18.70亿,0.00万,<0.1%,1,<0.1%,2.0,1.6%
2024-11-03,这个杀手不太冷静,,26.27亿,0.00万,<0.1%,5,<0.1%,0.4,0.5%
2024-11-03,加班惊魂,上映86天,455.3万,0.00万,<0.1%,8,<0.1%,0.3,0.2%
2024-11-03,一生交给党,,330.9万,0.00万,<0.1%,3,<0.1%,0.7,1.6%
2024-11-03,车库,上映45天,67.8万,0.00万,<0.1%,3,<0.1%,0.7,0.7%
2024-11-03,全员嫌疑人,上映50天,2171.7万,0.00万,<0.1%,4,<0.1%,0.3,0.5%
2024-11-03,志愿军：雄兵出击,,8.68亿,0.00万,<0.1%,2,<0.1%,0.5,--
2024-11-03,流浪地球,,46.87亿,0万,<0.1%,2,<0.1%,0.0,--
2024-11-03,流浪地球2,,40.43亿,0万,<0.1%,2,<0.1%,0.0,--
2024-11-03,熊出没·逆转时空,,19.84亿,0万,<0.1%,4,<0.1%,0.0,--
2024-11-03,凯利和超级可乐,,56.2万,0万,<0.1%,1,<0.1%,0.0,--
2024-11-03,功夫王之萌虎上山,,522.6万,0万,<0.1%,9,<0.1%,0.0,--
2024-11-03,疯狂小世界,,257.0万,0万,<0.1%,2,<0.1%,0.0,--
2024-11-03,封神第一部,,26.34亿,0万,<0.1%,3,<0.1%,0.0,--
2024-11-03,七十七天,,1.03亿,0万,<0.1%,1,<0.1%,0.0,--
2024-11-03,欢乐丛林之外星人大冒险,,389.6万,0万,<0.1%,2,<0.1%,0.0,--
2024-11-03,超级飞侠：乐迪加速,,7075.7万,0万,<0.1%,2,<0.1%,0.0,--
2024-11-03,原脑：坏死区,,展映,0万,<0.1%,1,<0.1%,0.0,--
2024-11-03,极地大反攻,,399.1万,0万,<0.1%,1,<0.1%,0.0,--
2024-11-03,疯狂丑小鸭2靠谱英雄,,1002.3万,0万,<0.1%,1,<0.1%,0.0,--
2024-11-03,阿里巴巴与神灯,,2223.5万,0万,<0.1%,1,<0.1%,0.0,--
2024-11-03,超级特战队,,38.1万,0万,<0.1%,2,<0.1%,0.0,--
2024-11-03,新猪猪侠大电影·超级赛车,,5370.5万,0万,<0.1%,13,<0.1%,0.0,--
2024-11-03,巧虎奇幻舞台历险记,,648.4万,0万,<0.1%,1,<0.1%,0.0,--
2024-11-03,笨鸟大冒险,,636.3万,0万,<0.1%,3,<0.1%,0.0,--
2024-11-03,我们的岁月,,1022.3万,0万,<0.1%,1,<0.1%,0.0,--
2024-11-03,潜艇总动员：寻龙,,3228.7万,0万,<0.1%,5,<0.1%,0.0,--
2024-11-03,王牌二哈,,311.5万,0万,<0.1%,2,<0.1%,0.0,--
2024-11-03,金腰带,上映73天,114.8万,0万,<0.1%,1,<0.1%,0.0,--
2024-11-03,深海历险记,,1759.9万,0万,<0.1%,2,<0.1%,0.0,--
2024-11-03,一雪前耻,上映50天,9385.6万,0万,<0.1%,1,<0.1%,0.0,--
2024-11-03,沉默高原,上映17天,5.3万,0万,<0.1%,3,<0.1%,0.0,--
2024-11-03,解密,上映93天,3.34亿,0万,<0.1%,8,<0.1%,0.0,--
2024-11-03,我的爸爸是国王,,1569.1万,0万,<0.1%,3,<0.1%,0.0,--
2024-11-03,天龙押运,,,0万,<0.1%,5,<0.1%,0.0,--
2024-11-03,棉花糖和云朵妈妈1宝贝芯计划,,1290.9万,0万,<0.1%,1,<0.1%,0.0,--
2024-11-03,百变马丁：怪兽大作战,,817.0万,0万,<0.1%,3,<0.1%,0.0,--
2024-11-03,草原大作战,,190.6万,0万,<0.1%,1,<0.1%,0.0,--
2024-11-03,申纪兰,,483.1万,0万,<0.1%,1,<0.1%,0.0,--
2024-11-03,喜羊羊与灰太狼之守护,,9123.4万,0万,<0.1%,3,<0.1%,0.0,--
2024-11-03,乡见未晚,上映52天,29.7万,0万,<0.1%,4,<0.1%,0.0,--
2024-11-03,青蛙王子历险记2,,401.1万,0万,<0.1%,1,<0.1%,0.0,--
2024-11-03,新灰姑娘2,,3161.5万,0万,<0.1%,2,<0.1%,0.0,--
2024-11-03,熊出没·伴我“熊芯”,,14.95亿,0万,<0.1%,4,<0.1%,0.0,--
2024-11-03,潜艇总动员：环游地球80天,,5261.5万,0万,<0.1%,9,<0.1%,0.0,--
2024-11-03,爸爸是外星人,,505.5万,0万,<0.1%,1,<0.1%,0.0,--
2024-11-03,唐山大地震,,6.50亿,0万,<0.1%,5,<0.1%,0.0,--
2024-11-03,银河宝贝,,107.5万,0万,<0.1%,2,<0.1%,0.0,--
2024-11-03,根本停不下来,展映,7.4万,0万,<0.1%,4,<0.1%,0.0,2.2%
2024-11-03,那个不为人知的故事,,点映,0万,<0.1%,1,<0.1%,0.0,--
2024-11-03,我是哪吒2之英雄归来,,1775.5万,0万,<0.1%,2,<0.1%,0.0,--
2024-11-03,新大头儿子和小头爸爸2一日成才,,9039.8万,0万,<0.1%,1,<0.1%,0.0,--
2024-11-03,中国机长,,29.13亿,0万,<0.1%,22,<0.1%,0.0,--
2024-11-03,奇异世界历险记,,502.1万,0万,<0.1%,1,<0.1%,0.0,--
2024-11-03,迷你特工队之汉堡大作战,,1340.7万,0万,<0.1%,1,<0.1%,0.0,--
2024-11-03,打过长江去,,2245.8万,0万,<0.1%,12,<0.1%,0.0,--
2024-11-03,疯狂丑小鸭,,2344.1万,0万,<0.1%,1,<0.1%,0.0,--
2024-11-03,两只小猪之勇闯神秘岛,,517.9万,0万,<0.1%,2,<0.1%,0.0,--
2024-11-03,开心超人之英雄的心,,1657.0万,0万,<0.1%,3,<0.1%,0.0,--
2024-11-03,白夜书店,上映38天,1151,0万,<0.1%,1,<0.1%,0.0,--
2024-11-03,我和我的祖国,,31.70亿,0万,<0.1%,8,<0.1%,0.0,--
2024-11-03,战火青春,,展映,0万,<0.1%,37,<0.1%,0.0,--
2024-11-03,与孩子一同成长,上映55天,14.9万,0万,<0.1%,3,<0.1%,0.0,--
2024-11-03,从21世纪安全撤离,上映94天,1.12亿,0万,<0.1%,1,<0.1%,0.0,--
2024-11-03,超级幼儿园,,227.3万,0万,<0.1%,1,<0.1%,0.0,--
2024-11-03,边疆军魂,,41.1万,0万,<0.1%,1,<0.1%,0.0,--
2024-11-03,看不见的朋友,上映45天,72.9万,0万,<0.1%,1,<0.1%,0.0,--
2024-11-03,火影忍者剧场版：忍者之路,点映,43.9万,0万,<0.1%,1,<0.1%,0.0,--
2024-11-03,蜡笔小新：新次元！超能力大决战,,1.19亿,0万,<0.1%,1,<0.1%,0.0,--
2024-11-03,头脑特工队2,,3.44亿,0万,<0.1%,3,<0.1%,0.0,--
2024-11-03,寂静之地：入侵日,,1.29亿,0万,<0.1%,2,<0.1%,0.0,--
2024-11-03,汪汪队立大功大电影2：超能大冒险,,1.38亿,0万,<0.1%,1,<0.1%,0.0,--
2024-11-03,冰雪奇缘2,,8.60亿,0万,<0.1%,4,<0.1%,0.0,--
2024-11-03,大旅行,,83.0万,0万,<0.1%,1,<0.1%,0.0,--
2024-11-04,焚城,上映4天,9734.2万,1079.56万,31.4%,68130,19.0%,3.9,3.0%
2024-11-04,毒液：最后一舞,上映13天,5.14亿,1024.06万,29.8%,91475,25.6%,2.7,1.7%
2024-11-04,乔妍的心事,上映10天,1.34亿,312.34万,9.0%,43788,12.2%,1.8,1.7%
2024-11-04,鸳鸯楼·惊魂,上映5天,2830.2万,281.34万,8.1%,27680,7.7%,3.0,3.2%
2024-11-04,哈利·波特与火焰杯,,1.20亿,163.20万,4.7%,14318,4.0%,2.8,1.7%
2024-11-04,志愿军：存亡之战,上映36天,11.75亿,142.38万,4.1%,19452,5.4%,1.8,1.8%
2024-11-04,爱你很久很久,上映4天,1509.2万,114.94万,3.3%,21345,5.9%,1.4,1.4%
2024-11-04,这个杀手不太冷,上映4天,1058.0万,92.09万,2.6%,15082,4.2%,1.6,1.5%
2024-11-04,蓦然回首,上映10天,4592.6万,64.12万,1.8%,14595,4.0%,1.1,1.0%
2024-11-04,哈利·波特与阿兹卡班的囚徒,,7892.4万,28.25万,0.8%,2690,0.7%,2.6,2.2%
2024-11-04,老枪,上映4天,334.7万,27.40万,0.7%,7944,2.2%,1.0,1.0%
2024-11-04,熊猫计划,上映35天,3.00亿,20.70万,0.6%,8594,2.4%,0.8,0.8%
2024-11-04,危机航线,上映36天,2.99亿,10.33万,0.3%,3955,1.1%,0.6,0.7%
2024-11-04,里斯本丸沉没,上映60天,4457.5万,10.12万,0.2%,284,<0.1%,8.6,9.3%
2024-11-04,只此青绿,上映35天,5068.3万,7.52万,0.2%,1196,0.3%,1.5,1.3%
2024-11-04,与你相遇的日子,上映39天,832.3万,5.95万,0.1%,25,<0.1%,60.2,49.9%
2024-11-04,海绵宝宝：拯救比奇堡,上映18天,2380.9万,5.66万,0.1%,3819,1.0%,0.4,0.4%
2024-11-04,小丑2：双重妄想,上映20天,5372.1万,5.13万,0.1%,1441,0.4%,0.9,1.0%
2024-11-04,哈利·波特与密室,,9641.6万,4.63万,0.1%,664,0.1%,1.8,1.8%
2024-11-04,田园时代,上映24天,272.0万,4.35万,0.1%,18,<0.1%,75.9,12.4%
2024-11-04,哈利·波特与魔法石,,3.23亿,4.26万,0.1%,521,0.1%,2.1,2.2%
2024-11-04,浴火之路,上映35天,4.61亿,3.57万,0.1%,2091,0.5%,0.5,0.5%
2024-11-04,富贵东西,,348.5万,2.22万,<0.1%,6,<0.1%,74.0,--
2024-11-04,出走的决心,上映51天,1.23亿,2.16万,<0.1%,535,0.1%,1.2,1.3%
2024-11-04,变形金刚：起源,上映39天,1.50亿,2.13万,<0.1%,1053,0.2%,0.5,0.5%
2024-11-04,749局,上映35天,3.75亿,1.51万,<0.1%,623,0.1%,0.7,0.8%
2024-11-04,云上的云,上映18天,1083.0万,1.51万,<0.1%,93,<0.1%,6.4,3.5%
2024-11-04,爱情神话,,2.60亿,1.32万,<0.1%,559,0.1%,0.6,0.6%
2024-11-04,门前宝地,上映46天,175.0万,1.21万,<0.1%,8,<0.1%,42.6,32.5%
2024-11-04,夹缝之间,点映,9.9万,1.13万,<0.1%,5,<0.1%,71.4,53.9%
2024-11-04,一竞到底,上映4天,46.4万,0.92万,<0.1%,680,0.1%,0.4,0.4%
2024-11-04,开国将帅授衔1955,,840.5万,0.87万,<0.1%,19,<0.1%,12.6,--
2024-11-04,开国宴风云,上映46天,49.0万,0.84万,<0.1%,9,<0.1%,30.0,22.1%
2024-11-04,大突围,点映,30.7万,0.64万,<0.1%,69,<0.1%,2.6,1.0%
2024-11-04,那个不为人知的故事,点映,4150,0.41万,<0.1%,1,<0.1%,83.0,--
2024-11-04,荒野机器人,上映46天,5122.7万,0.37万,<0.1%,189,<0.1%,0.5,0.6%
2024-11-04,名侦探柯南：百万美元的五棱星,上映81天,2.86亿,0.36万,<0.1%,107,<0.1%,1.0,1.0%
2024-11-04,唐山大地震,,6.50亿,0.34万,<0.1%,544,0.1%,0.2,0.1%
2024-11-04,伟大征程,上映5天,8.9万,0.34万,<0.1%,1445,0.4%,<0.1,0.0%
2024-11-04,青年邓颖超,,138.4万,0.32万,<0.1%,2,<0.1%,80.5,--
2024-11-04,凤鸣飞天,上映6天,7.0万,0.31万,<0.1%,36,<0.1%,2.9,2.8%
2024-11-04,一江清水,上映3天,2.9万,0.31万,<0.1%,25,<0.1%,3.7,--
2024-11-04,密室逃脱,上映18天,415.2万,0.25万,<0.1%,344,<0.1%,0.2,0.2%
2024-11-04,康熙与路易十四,,210.2万,0.17万,<0.1%,3,<0.1%,14.0,0.6%
2024-11-04,你是我的英雄,,1108.0万,0.17万,<0.1%,9,<0.1%,6.4,--
2024-11-04,爆款好人,上映35天,2708.7万,0.16万,<0.1%,165,<0.1%,0.3,0.4%
2024-11-04,新大头儿子和小头爸爸6：迷你大冒险,上映35天,2780.4万,0.13万,<0.1%,268,<0.1%,0.1,0.1%
2024-11-04,范蠡献西施（戏曲 粤剧）,上映18天,5.4万,0.12万,<0.1%,6,<0.1%,8.3,9.6%
2024-11-04,绑架游戏,上映24天,1615.2万,0.10万,<0.1%,291,<0.1%,0.1,0.1%
2024-11-04,周立波回清溪,,1055.3万,0.10万,<0.1%,2,<0.1%,20.0,9.5%
2024-11-04,邓小平小道,,2741.5万,0.10万,<0.1%,1,<0.1%,25.0,32.4%
2024-11-04,姥姥的外孙,上映74天,1.26亿,0.08万,<0.1%,23,<0.1%,0.9,1.0%
2024-11-04,江南：在爱开始的地方等你,上映51天,346.3万,0.08万,<0.1%,126,<0.1%,0.2,0.2%
2024-11-04,俺的傻娘,上映21天,8.2万,0.08万,<0.1%,7,<0.1%,3.3,--
2024-11-04,清道夫,上映4天,2.7万,0.05万,<0.1%,54,<0.1%,0.3,0.2%
2024-11-04,816,上映17天,79.4万,0.05万,<0.1%,43,<0.1%,0.3,0.3%
2024-11-04,梦幻恋人,上映3天,2856,0.05万,<0.1%,2,<0.1%,10.0,9.4%
2024-11-04,单声,,179.9万,0.05万,<0.1%,1,<0.1%,25.0,--
2024-11-04,白蛇：浮生,上映87天,4.25亿,0.04万,<0.1%,37,<0.1%,0.3,0.3%
2024-11-04,光之子,上映16天,12.4万,0.04万,<0.1%,25,<0.1%,0.5,1.2%
2024-11-04,奇妙萌可大电影,上映51天,1091.4万,0.04万,<0.1%,69,<0.1%,0.2,0.2%
2024-11-04,逆行人生,上映88天,3.59亿,0.04万,<0.1%,12,<0.1%,0.8,0.4%
2024-11-04,永不消逝的电波（舞台纪录电影·舞剧）,,218.6万,0.03万,<0.1%,7,<0.1%,1.9,1.2%
2024-11-04,盐湖计划,上映13天,6.0万,0.03万,<0.1%,49,<0.1%,0.3,0.1%
2024-11-04,猴脸,上映69天,2.0万,0.03万,<0.1%,4,<0.1%,2.5,9.0%
2024-11-04,野孩子,上映53天,2.41亿,0.02万,<0.1%,25,<0.1%,0.2,0.4%
2024-11-04,陌上花开,上映11天,7.9万,0.01万,<0.1%,35,<0.1%,0.1,0.1%
2024-11-04,坂本龙一：杰作,,494.2万,0.01万,<0.1%,2,<0.1%,2.5,6.4%
2024-11-04,流浪地球2,,40.43亿,0.01万,<0.1%,30,<0.1%,0.1,--
2024-11-04,祝你幸福！,上映51天,6000.0万,0.00万,<0.1%,14,<0.1%,0.1,0.1%
2024-11-04,皮皮鲁和鲁西西之309暗室,,358.6万,0.00万,<0.1%,2,<0.1%,1.0,--
2024-11-04,音乐课,上映21天,26.6万,0.00万,<0.1%,5,<0.1%,0.4,0.2%
2024-11-04,重生,上映81天,4.64亿,0.00万,<0.1%,10,<0.1%,0.1,0.1%
2024-11-04,车库,上映46天,67.8万,0.00万,<0.1%,3,<0.1%,0.7,0.6%
2024-11-04,血溅鸳鸯楼,,219,0.00万,<0.1%,2,<0.1%,0.5,0.6%
2024-11-04,流浪地球2：再次冒险,上映51天,54.8万,0.00万,<0.1%,7,<0.1%,0.1,--
2024-11-04,大圣降妖,上映51天,215.6万,0.00万,<0.1%,5,<0.1%,0.2,--
2024-11-04,蛋宝大营救,上映59天,543.7万,0.00万,<0.1%,11,<0.1%,<0.1,0.1%
2024-11-04,我的爷爷,上映46天,253.1万,0.00万,<0.1%,1,<0.1%,1.0,1.3%
2024-11-04,忠爱无言2,,87.5万,0.00万,<0.1%,2,<0.1%,0.5,--
2024-11-04,哈利·波特与凤凰社,,1.45亿,0.00万,<0.1%,2,<0.1%,0.0,--
2024-11-04,流浪地球,,46.87亿,0万,<0.1%,2,<0.1%,0.0,--
2024-11-04,我，就是风!,,1220.2万,0万,<0.1%,1,<0.1%,0.0,--
2024-11-04,冲撞,上映11天,8.3万,0万,<0.1%,14,<0.1%,0.0,--
2024-11-04,开国大典(上集),,93.9万,0万,<0.1%,6,<0.1%,0.0,--
2024-11-04,脐带,,169.8万,0万,<0.1%,1,<0.1%,0.0,--
2024-11-04,泪光中的妈妈,,136.5万,0万,<0.1%,1,<0.1%,0.0,--
2024-11-04,我要当老师,,1303.5万,0万,<0.1%,1,<0.1%,0.0,--
2024-11-04,阿里巴巴与神灯,,2223.5万,0万,<0.1%,1,<0.1%,0.0,--
2024-11-04,走走停停,,1.02亿,0万,<0.1%,1,<0.1%,0.0,--
2024-11-04,一生交给党,,330.9万,0万,<0.1%,2,<0.1%,0.0,--
2024-11-04,堡垒,,281.7万,0万,<0.1%,1,<0.1%,0.0,--
2024-11-04,时光记忆,上映45天,6896,0万,<0.1%,1,<0.1%,0.0,--
2024-11-04,金腰带,上映74天,114.8万,0万,<0.1%,1,<0.1%,0.0,--
2024-11-04,魔幻奇缘之宝石公主,,813.8万,0万,<0.1%,1,<0.1%,0.0,--
2024-11-04,八角笼中,,22.07亿,0万,<0.1%,2,<0.1%,0.0,--
2024-11-04,一雪前耻,上映51天,9385.6万,0万,<0.1%,2,<0.1%,0.0,--
2024-11-04,沉默高原,上映18天,5.3万,0万,<0.1%,3,<0.1%,0.0,--
2024-11-04,解密,上映94天,3.34亿,0万,<0.1%,9,<0.1%,0.0,--
2024-11-04,申纪兰,展映,5.1万,0万,<0.1%,1,<0.1%,0.0,--
2024-11-04,超级的我,,1223.3万,0万,<0.1%,8,<0.1%,0.0,--
2024-11-04,加班惊魂,上映87天,455.3万,0万,<0.1%,6,<0.1%,0.0,--
2024-11-04,申纪兰,,483.1万,0万,<0.1%,3,<0.1%,0.0,--
2024-11-04,全员嫌疑人,上映51天,2171.7万,0万,<0.1%,1,<0.1%,0.0,--
2024-11-04,女人世界,零点场,11.3万,0万,<0.1%,7,<0.1%,0.0,--
2024-11-04,乡见未晚,上映53天,29.7万,0万,<0.1%,5,<0.1%,0.0,--
2024-11-04,爸爸是外星人,,505.5万,0万,<0.1%,1,<0.1%,0.0,--
2024-11-04,天慕,,1066.2万,0万,<0.1%,1,<0.1%,0.0,--
2024-11-04,新龙门客栈（舞台纪录电影·越剧）,上映67天,610.6万,0万,<0.1%,1,<0.1%,0.0,--
2024-11-04,谷魂,,43.2万,0万,<0.1%,1,<0.1%,0.0,--
2024-11-04,玩转门神,,30.3万,0万,<0.1%,1,<0.1%,0.0,--
2024-11-04,根本停不下来,展映,7.4万,0万,<0.1%,9,<0.1%,0.0,--
2024-11-04,宇宙探索编辑部,,6722.4万,0万,<0.1%,1,<0.1%,0.0,--
2024-11-04,新大头儿子和小头爸爸2一日成才,,9039.8万,0万,<0.1%,1,<0.1%,0.0,--
2024-11-04,开国大典,,1.7万,0万,<0.1%,4,<0.1%,0.0,--
2024-11-04,白夜书店,上映39天,1151,0万,<0.1%,1,<0.1%,0.0,--
2024-11-04,这个杀手不太冷静,,26.27亿,0万,<0.1%,4,<0.1%,0.0,--
2024-11-04,森林飞侠,上映51天,40.4万,0万,<0.1%,3,<0.1%,0.0,--
2024-11-04,战火青春,,展映,0万,<0.1%,37,<0.1%,0.0,--
2024-11-04,与孩子一同成长,上映56天,14.9万,0万,<0.1%,1,<0.1%,0.0,--
2024-11-04,从21世纪安全撤离,上映95天,1.12亿,0万,<0.1%,1,<0.1%,0.0,--
2024-11-04,超级幼儿园,,227.3万,0万,<0.1%,1,<0.1%,0.0,--
2024-11-04,边疆军魂,,41.1万,0万,<0.1%,1,<0.1%,0.0,--
2024-11-04,看不见的朋友,上映46天,72.9万,0万,<0.1%,1,<0.1%,0.0,--
2024-11-04,航海王：红发歌姬,,1.85亿,0万,<0.1%,1,<0.1%,0.0,--
2024-11-04,最后的里程,点映,4.5万,0万,<0.1%,2,<0.1%,0.0,--
2024-11-04,毒液：致命守护者,,18.70亿,0万,<0.1%,2,<0.1%,0.0,--
2024-11-04,燃烧的巴黎圣母院,,99.7万,0万,<0.1%,1,<0.1%,0.0,--
2024-11-05,焚城,上映5天,1.08亿,1093.16万,33.9%,70278,19.6%,3.7,2.9%
2024-11-05,毒液：最后一舞,上映14天,5.22亿,884.61万,27.4%,90106,25.2%,2.4,1.5%
2024-11-05,鸳鸯楼·惊魂,上映6天,3105.5万,275.23万,8.5%,27812,7.7%,3.0,3.1%
2024-11-05,乔妍的心事,上映11天,1.37亿,272.74万,8.4%,42775,11.9%,1.6,1.5%
2024-11-05,志愿军：存亡之战,上映37天,11.76亿,159.15万,4.9%,19283,5.4%,2.1,2.0%
2024-11-05,哈利·波特与火焰杯,,1.21亿,139.91万,4.3%,13585,3.8%,2.5,1.6%
2024-11-05,爱你很久很久,上映5天,1594.1万,84.91万,2.6%,19889,5.5%,1.2,1.2%
2024-11-05,这个杀手不太冷,上映5天,1137.3万,79.31万,2.4%,13982,3.9%,1.5,1.4%
2024-11-05,蓦然回首,上映11天,4647.4万,54.78万,1.6%,13147,3.6%,1.1,1.0%
2024-11-05,老枪,上映5天,362.5万,27.76万,0.8%,7506,2.1%,1.0,1.1%
2024-11-05,哈利·波特与阿兹卡班的囚徒,,7918.3万,25.91万,0.8%,2589,0.7%,2.5,2.1%
2024-11-05,熊猫计划,上映36天,3.00亿,17.22万,0.5%,8373,2.3%,0.6,0.7%
2024-11-05,女人世界,上映首日,26.3万,14.94万,0.4%,6279,1.7%,0.6,0.6%
2024-11-05,危机航线,上映37天,2.99亿,9.67万,0.3%,3933,1.1%,0.6,0.6%
2024-11-05,里斯本丸沉没,上映61天,4465.2万,7.70万,0.2%,263,<0.1%,6.8,7.6%
2024-11-05,只此青绿,上映36天,5074.9万,6.61万,0.2%,1197,0.3%,1.3,1.3%
2024-11-05,红色一号：冬日行动,点映,6.4万,6.49万,0.2%,7,<0.1%,157.6,--
2024-11-05,与你相遇的日子,上映40天,838.5万,6.21万,0.1%,31,<0.1%,50.7,56.3%
2024-11-05,田园时代,上映25天,277.1万,5.10万,0.1%,23,<0.1%,63.7,26.5%
2024-11-05,小丑2：双重妄想,上映21天,5376.7万,4.59万,0.1%,1445,0.4%,0.8,0.8%
2024-11-05,哈利·波特与密室,,9646.2万,4.54万,0.1%,667,0.1%,1.7,1.7%
2024-11-05,海绵宝宝：拯救比奇堡,上映19天,2385.0万,4.14万,0.1%,3478,0.9%,0.3,0.3%
2024-11-05,浴火之路,上映36天,4.61亿,3.82万,0.1%,2176,0.6%,0.5,0.5%
2024-11-05,哈利·波特与魔法石,,3.23亿,3.76万,0.1%,508,0.1%,1.9,1.9%
2024-11-05,苍穹,展映,2786.9万,2.61万,<0.1%,6,<0.1%,109.0,--
2024-11-05,大突围,点映,33.0万,2.34万,<0.1%,80,<0.1%,8.4,3.8%
2024-11-05,出走的决心,上映52天,1.23亿,2.14万,<0.1%,571,0.1%,1.1,1.2%
2024-11-05,变形金刚：起源,上映40天,1.50亿,1.91万,<0.1%,1046,0.2%,0.5,0.5%
2024-11-05,749局,上映36天,3.75亿,1.69万,<0.1%,629,0.1%,0.8,0.8%
2024-11-05,云上的云,上映19天,1084.5万,1.55万,<0.1%,93,<0.1%,6.4,1.7%
2024-11-05,门前宝地,上映47天,176.3万,1.30万,<0.1%,8,<0.1%,46.5,32.7%
2024-11-05,浙南儿女英雄传之热血长虹,,96.3万,1.24万,<0.1%,1,<0.1%,355.0,51.1%
2024-11-05,开国宴风云,上映47天,50.2万,1.20万,<0.1%,9,<0.1%,36.3,29.7%
2024-11-05,夹缝之间,点映,11.1万,1.12万,<0.1%,5,<0.1%,65.0,54.7%
2024-11-05,开国将帅授衔1955,,841.5万,1.03万,<0.1%,26,<0.1%,11.1,--
2024-11-05,富贵东西,,349.5万,0.95万,<0.1%,7,<0.1%,27.1,--
2024-11-05,爱情神话,,2.60亿,0.89万,<0.1%,433,0.1%,0.6,0.5%
2024-11-05,一竞到底,上映5天,47.2万,0.72万,<0.1%,618,0.1%,0.3,0.4%
2024-11-05,音乐课,上映22天,27.2万,0.60万,<0.1%,9,<0.1%,32.7,9.3%
2024-11-05,冬天没有童话,,24.1万,0.60万,<0.1%,2,<0.1%,100.0,--
2024-11-05,伟大征程,上映6天,9.5万,0.59万,<0.1%,1436,0.4%,0.1,0.0%
2024-11-05,荒野机器人,上映47天,5123.2万,0.48万,<0.1%,176,<0.1%,0.7,0.7%
2024-11-05,名侦探柯南：百万美元的五棱星,上映82天,2.86亿,0.40万,<0.1%,101,<0.1%,1.1,1.2%
2024-11-05,一江清水,上映4天,3.3万,0.39万,<0.1%,32,<0.1%,3.5,--
2024-11-05,单单,点映,3500,0.35万,<0.1%,1,<0.1%,100.0,--
2024-11-05,凤鸣飞天,上映7天,7.3万,0.33万,<0.1%,33,<0.1%,3.3,3.0%
2024-11-05,密室逃脱,上映19天,415.5万,0.32万,<0.1%,332,<0.1%,0.3,0.4%
2024-11-05,熊猫盼盼,展映,49.2万,0.31万,<0.1%,1,<0.1%,104.0,--
2024-11-05,唐山大地震,,6.50亿,0.30万,<0.1%,571,0.1%,0.1,0.1%
2024-11-05,草原的夏天,,11.4万,0.30万,<0.1%,1,<0.1%,100.0,--
2024-11-05,荧屏奇遇,,11.4万,0.30万,<0.1%,1,<0.1%,100.0,--
2024-11-05,非洲：塞伦盖蒂国家公园,,12.1万,0.30万,<0.1%,1,<0.1%,100.0,--
2024-11-05,青年邓颖超,,138.7万,0.28万,<0.1%,5,<0.1%,28.6,22.6%
2024-11-05,孤军,,3203.5万,0.25万,<0.1%,3,<0.1%,34.3,26.0%
2024-11-05,爆款好人,上映36天,2709.0万,0.24万,<0.1%,161,<0.1%,0.4,0.5%
2024-11-05,灭世魔珠,上映6天,2400,0.24万,<0.1%,2,<0.1%,30.0,--
2024-11-05,光之子,上映17天,12.6万,0.23万,<0.1%,26,<0.1%,3.9,6.4%
2024-11-05,谁持彩练当空舞,,615.7万,0.19万,<0.1%,1,<0.1%,64.0,--
2024-11-05,清道夫,上映5天,2.9万,0.19万,<0.1%,49,<0.1%,1.0,0.9%
2024-11-05,我要当老师,,1303.6万,0.16万,<0.1%,3,<0.1%,16.0,--
2024-11-05,逆行人生,上映89天,3.59亿,0.16万,<0.1%,15,<0.1%,2.7,2.0%
2024-11-05,白蛇：浮生,上映88天,4.25亿,0.13万,<0.1%,38,<0.1%,0.9,1.0%
2024-11-05,范蠡献西施（戏曲 粤剧）,上映19天,5.6万,0.13万,<0.1%,7,<0.1%,7.6,8.7%
2024-11-05,俺的傻娘,上映22天,8.4万,0.12万,<0.1%,6,<0.1%,5.8,--
2024-11-05,猴脸,上映70天,2.1万,0.12万,<0.1%,4,<0.1%,10.0,36.3%
2024-11-05,绑架游戏,上映25天,1615.3万,0.11万,<0.1%,317,<0.1%,0.1,0.1%
2024-11-05,康熙与路易十四,,210.3万,0.10万,<0.1%,3,<0.1%,9.0,9.7%
2024-11-05,新大头儿子和小头爸爸6：迷你大冒险,上映36天,2780.5万,0.10万,<0.1%,245,<0.1%,0.1,0.1%
2024-11-05,姥姥的外孙,上映75天,1.26亿,0.09万,<0.1%,21,<0.1%,1.2,1.5%
2024-11-05,江南：在爱开始的地方等你,上映52天,346.4万,0.09万,<0.1%,123,<0.1%,0.2,0.2%
2024-11-05,我的爷爷,上映47天,253.2万,0.09万,<0.1%,2,<0.1%,15.5,1.3%
2024-11-05,北极荒原,展映,169.1万,0.07万,<0.1%,1,<0.1%,18.0,5.5%
2024-11-05,周立波回清溪,,1055.4万,0.07万,<0.1%,1,<0.1%,29.0,--
2024-11-05,根据地,,192.4万,0.06万,<0.1%,1,<0.1%,26.0,--
2024-11-05,盐湖计划,上映14天,6.0万,0.05万,<0.1%,47,<0.1%,0.5,0.2%
2024-11-05,永不消逝的电波（舞台纪录电影·舞剧）,,218.6万,0.05万,<0.1%,5,<0.1%,4.0,0.7%
2024-11-05,你是我的英雄,,1108.1万,0.04万,<0.1%,9,<0.1%,1.8,--
2024-11-05,野孩子,上映54天,2.41亿,0.03万,<0.1%,26,<0.1%,0.3,0.4%
2024-11-05,密语者,上映67天,22.7万,0.03万,<0.1%,1,<0.1%,12.0,15.0%
2024-11-05,奇妙萌可大电影,上映52天,1091.5万,0.02万,<0.1%,65,<0.1%,0.2,0.1%
2024-11-05,816,上映18天,79.4万,0.02万,<0.1%,44,<0.1%,0.2,0.1%
2024-11-05,超级的我,,1223.3万,0.02万,<0.1%,8,<0.1%,1.1,--
2024-11-05,金色少年,上映64天,18.4万,0.02万,<0.1%,1,<0.1%,7.0,8.3%
2024-11-05,非凡任务,,1.56亿,0.02万,<0.1%,1,<0.1%,21.0,23.8%
2024-11-05,加班惊魂,上映88天,455.3万,0.01万,<0.1%,8,<0.1%,0.8,0.7%
2024-11-05,流浪地球2：再次冒险,上映52天,54.8万,0.01万,<0.1%,7,<0.1%,0.4,0.6%
2024-11-05,陌上花开,上映12天,7.9万,0.01万,<0.1%,27,<0.1%,0.1,0.1%
2024-11-05,走走停停,,1.02亿,0.00万,<0.1%,2,<0.1%,1.5,3.8%
2024-11-05,蛋宝大营救,上映60天,543.7万,0.00万,<0.1%,12,<0.1%,0.2,0.1%
2024-11-05,抗战中的文艺（舞台纪录电影·话剧）,,15.7万,0.00万,<0.1%,1,<0.1%,2.0,--
2024-11-05,祝你幸福！,上映52天,6000.1万,0.00万,<0.1%,14,<0.1%,<0.1,0.0%
2024-11-05,车库,上映47天,67.8万,0.00万,<0.1%,4,<0.1%,0.5,0.5%
2024-11-05,大场面,上映52天,1245.2万,0.00万,<0.1%,4,<0.1%,0.3,0.6%
2024-11-05,开国大典,,1.7万,0.00万,<0.1%,5,<0.1%,0.2,0.1%
2024-11-05,忠爱无言2,,87.5万,0.00万,<0.1%,2,<0.1%,0.5,--
2024-11-05,流浪地球,,46.87亿,0万,<0.1%,2,<0.1%,0.0,--
2024-11-05,流浪地球2,,40.43亿,0万,<0.1%,23,<0.1%,0.0,--
2024-11-05,我，就是风!,,1220.2万,0万,<0.1%,1,<0.1%,0.0,--
2024-11-05,冲撞,上映12天,8.3万,0万,<0.1%,13,<0.1%,0.0,0.1%
2024-11-05,开国大典(上集),,93.9万,0万,<0.1%,3,<0.1%,0.0,--
2024-11-05,脐带,,169.8万,0万,<0.1%,1,<0.1%,0.0,--
2024-11-05,泪光中的妈妈,,136.5万,0万,<0.1%,1,<0.1%,0.0,--
2024-11-05,极地大反攻,,399.1万,0万,<0.1%,1,<0.1%,0.0,--
2024-11-05,一生交给党,,330.9万,0万,<0.1%,1,<0.1%,0.0,--
2024-11-05,堡垒,,281.7万,0万,<0.1%,1,<0.1%,0.0,--
2024-11-05,我们的岁月,,1022.3万,0万,<0.1%,1,<0.1%,0.0,--
2024-11-05,踢出个未来,上映39天,126.6万,0万,<0.1%,1,<0.1%,0.0,--
2024-11-05,时光记忆,上映46天,6896,0万,<0.1%,1,<0.1%,0.0,--
2024-11-05,太空熊猫总动员,,424.0万,0万,<0.1%,1,<0.1%,0.0,--
2024-11-05,魔幻奇缘之宝石公主,,813.8万,0万,<0.1%,1,<0.1%,0.0,--
2024-11-05,八角笼中,,22.07亿,0万,<0.1%,2,<0.1%,0.0,--
2024-11-05,沉默高原,上映19天,5.3万,0万,<0.1%,3,<0.1%,0.0,--
2024-11-05,解密,上映95天,3.34亿,0万,<0.1%,9,<0.1%,0.0,--
2024-11-05,申纪兰,展映,5.1万,0万,<0.1%,1,<0.1%,0.0,--
2024-11-05,申纪兰,,483.1万,0万,<0.1%,4,<0.1%,0.0,--
2024-11-05,重生,上映82天,4.64亿,0万,<0.1%,15,<0.1%,0.0,--
2024-11-05,全员嫌疑人,上映52天,2171.7万,0万,<0.1%,4,<0.1%,0.0,--
2024-11-05,恐龙飞车,,115.5万,0万,<0.1%,1,<0.1%,0.0,--
2024-11-05,乡见未晚,上映54天,29.7万,0万,<0.1%,5,<0.1%,0.0,--
2024-11-05,大圣降妖,上映52天,215.6万,0万,<0.1%,4,<0.1%,0.0,--
2024-11-05,爸爸是外星人,,505.5万,0万,<0.1%,1,<0.1%,0.0,--
2024-11-05,天慕,,1066.2万,0万,<0.1%,1,<0.1%,0.0,--
2024-11-05,新龙门客栈（舞台纪录电影·越剧）,上映68天,610.6万,0万,<0.1%,2,<0.1%,0.0,--
2024-11-05,皮皮鲁和鲁西西之309暗室,,358.6万,0万,<0.1%,2,<0.1%,0.0,--
2024-11-05,根本停不下来,展映,7.4万,0万,<0.1%,5,<0.1%,0.0,--
2024-11-05,那个不为人知的故事,点映,4150,0万,<0.1%,1,<0.1%,0.0,--
2024-11-05,宇宙探索编辑部,,6722.4万,0万,<0.1%,1,<0.1%,0.0,--
2024-11-05,白夜书店,上映40天,1151,0万,<0.1%,1,<0.1%,0.0,--
2024-11-05,志愿军：雄兵出击,,8.68亿,0万,<0.1%,1,<0.1%,0.0,--
2024-11-05,这个杀手不太冷静,,26.27亿,0万,<0.1%,4,<0.1%,0.0,--
2024-11-05,森林飞侠,上映52天,40.4万,0万,<0.1%,1,<0.1%,0.0,--
2024-11-05,战火青春,,展映,0万,<0.1%,37,<0.1%,0.0,--
2024-11-05,从21世纪安全撤离,上映96天,1.12亿,0万,<0.1%,1,<0.1%,0.0,--
2024-11-05,血溅鸳鸯楼,,219,0万,<0.1%,2,<0.1%,0.0,--
2024-11-05,看不见的朋友,上映47天,72.9万,0万,<0.1%,1,<0.1%,0.0,--
2024-11-05,坂本龙一：杰作,,494.2万,0万,<0.1%,1,<0.1%,0.0,--
2024-11-05,航海王：红发歌姬,,1.85亿,0万,<0.1%,1,<0.1%,0.0,--
2024-11-05,最后的里程,点映,4.5万,0万,<0.1%,3,<0.1%,0.0,--
2024-11-05,火影忍者剧场版：忍者之路,点映,43.9万,0万,<0.1%,1,<0.1%,0.0,--
2024-11-05,名侦探柯南：黑铁的鱼影,,1.62亿,0万,<0.1%,1,<0.1%,0.0,--
2024-11-05,哈利·波特与凤凰社,,1.45亿,0万,<0.1%,4,<0.1%,0.0,--
2024-11-05,加菲猫家族,,1.84亿,0万,<0.1%,3,<0.1%,0.0,--
2024-11-05,毒液：致命守护者,,18.70亿,0万,<0.1%,2,<0.1%,0.0,--
2024-11-05,燃烧的巴黎圣母院,,99.7万,0万,<0.1%,1,<0.1%,0.0,--
2024-11-06,焚城,上映6天,1.18亿,1046.14万,34.1%,69770,20.6%,3.5,2.6%
2024-11-06,毒液：最后一舞,上映15天,5.30亿,797.69万,26.0%,84882,25.1%,2.3,1.4%
2024-11-06,鸳鸯楼·惊魂,上映7天,3394.3万,288.80万,9.4%,27206,8.0%,3.2,3.1%
2024-11-06,乔妍的心事,上映12天,1.39亿,244.58万,7.9%,39772,11.7%,1.6,1.3%
2024-11-06,志愿军：存亡之战,上映38天,11.78亿,178.22万,5.8%,17956,5.3%,2.5,2.3%
2024-11-06,哈利·波特与火焰杯,,1.23亿,130.80万,4.2%,12870,3.8%,2.5,1.5%
2024-11-06,这个杀手不太冷,上映6天,1221.4万,84.06万,2.7%,12674,3.7%,1.7,1.5%
2024-11-06,爱你很久很久,上映6天,1667.5万,73.40万,2.3%,17925,5.3%,1.1,1.0%
2024-11-06,蓦然回首,上映12天,4696.2万,48.79万,1.5%,11878,3.5%,1.1,0.9%
2024-11-06,老枪,上映6天,387.5万,24.99万,0.8%,6758,2.0%,1.0,1.0%
2024-11-06,哈利·波特与阿兹卡班的囚徒,,7942.9万,24.54万,0.8%,2539,0.7%,2.4,2.0%
2024-11-06,熊猫计划,上映37天,3.00亿,17.19万,0.5%,7535,2.2%,0.7,0.7%
2024-11-06,女人世界,上映2天,37.4万,11.06万,0.3%,6027,1.7%,0.5,0.4%
2024-11-06,危机航线,上映38天,2.99亿,8.96万,0.2%,3584,1.0%,0.6,0.6%
2024-11-06,与你相遇的日子,上映41天,844.7万,6.14万,0.2%,26,<0.1%,59.8,40.0%
2024-11-06,田园时代,上映26天,282.6万,5.46万,0.1%,22,<0.1%,74.8,20.5%
2024-11-06,只此青绿,上映37天,5080.3万,5.36万,0.1%,1095,0.3%,1.2,1.0%
2024-11-06,小丑2：双重妄想,上映22天,5381.7万,5.03万,0.1%,1348,0.3%,0.8,0.8%
2024-11-06,749局,上映37天,3.75亿,4.32万,0.1%,589,0.1%,1.7,1.0%
2024-11-06,哈利·波特与密室,,9650.4万,4.24万,0.1%,617,0.1%,1.7,1.6%
2024-11-06,祝你幸福！,上映53天,6004.2万,4.17万,0.1%,80,<0.1%,46.9,17.9%
2024-11-06,江南：在爱开始的地方等你,上映53天,350.4万,4.01万,0.1%,140,<0.1%,14.2,18.4%
2024-11-06,海绵宝宝：拯救比奇堡,上映20天,2388.9万,3.86万,0.1%,3139,0.9%,0.3,0.3%
2024-11-06,浴火之路,上映37天,4.61亿,3.68万,0.1%,1922,0.5%,0.5,0.4%
2024-11-06,里斯本丸沉没,上映62天,4468.7万,3.53万,0.1%,200,<0.1%,5.3,4.4%
2024-11-06,哈利·波特与魔法石,,3.23亿,3.46万,0.1%,484,0.1%,1.8,1.7%
2024-11-06,苍穹,展映,2789.4万,2.52万,<0.1%,6,<0.1%,105.0,--
2024-11-06,出走的决心,上映53天,1.23亿,2.45万,<0.1%,551,0.1%,1.3,1.2%
2024-11-06,变形金刚：起源,上映41天,1.50亿,2.42万,<0.1%,969,0.2%,0.6,0.6%
2024-11-06,大突围,点映,35.4万,2.40万,<0.1%,87,<0.1%,7.9,4.0%
2024-11-06,荒野机器人,上映48天,5125.0万,1.80万,<0.1%,205,<0.1%,2.7,0.8%
2024-11-06,伟大征程,上映7天,11.1万,1.61万,<0.1%,1518,0.4%,0.3,0.1%
2024-11-06,云上的云,上映20天,1085.8万,1.31万,<0.1%,94,<0.1%,5.6,2.7%
2024-11-06,门前宝地,上映48天,177.6万,1.27万,<0.1%,10,<0.1%,36.0,27.4%
2024-11-06,浙南儿女英雄传之热血长虹,,97.6万,1.24万,<0.1%,1,<0.1%,355.0,51.1%
2024-11-06,红色一号：冬日行动,点映,7.6万,1.10万,<0.1%,1,<0.1%,184.0,--
2024-11-06,爱情神话,,2.60亿,1.01万,<0.1%,376,0.1%,0.7,0.6%
2024-11-06,“上海少女”的三十年,点映,7605,0.76万,<0.1%,1,<0.1%,169.0,--
2024-11-06,富贵东西,,350.1万,0.65万,<0.1%,7,<0.1%,31.0,--
2024-11-06,一竞到底,上映6天,47.8万,0.61万,<0.1%,483,0.1%,0.4,0.3%
2024-11-06,冬天没有童话,,24.7万,0.60万,<0.1%,2,<0.1%,100.0,--
2024-11-06,青年邓颖超,,139.3万,0.57万,<0.1%,6,<0.1%,48.0,17.5%
2024-11-06,开国将帅授衔1955,,842.1万,0.56万,<0.1%,12,<0.1%,12.9,--
2024-11-06,开国宴风云,上映48天,50.8万,0.56万,<0.1%,4,<0.1%,40.3,33.3%
2024-11-06,名侦探柯南：百万美元的五棱星,上映83天,2.86亿,0.49万,<0.1%,108,<0.1%,1.2,0.8%
2024-11-06,逆行人生,上映90天,3.59亿,0.44万,<0.1%,12,<0.1%,8.4,4.4%
2024-11-06,永不消逝的电波（舞台纪录电影·舞剧）,,219.1万,0.43万,<0.1%,8,<0.1%,12.1,14.2%
2024-11-06,姥姥的外孙,上映76天,1.26亿,0.33万,<0.1%,33,<0.1%,1.8,1.1%
2024-11-06,异形：夺命舰,上映83天,7.86亿,0.31万,<0.1%,14,<0.1%,5.1,4.8%
2024-11-06,唐山大地震,,6.50亿,0.30万,<0.1%,556,0.1%,0.1,0.1%
2024-11-06,荧屏奇遇,,11.7万,0.30万,<0.1%,1,<0.1%,100.0,--
2024-11-06,熊猫盼盼,展映,49.5万,0.30万,<0.1%,1,<0.1%,100.0,--
2024-11-06,非洲：塞伦盖蒂国家公园,,12.4万,0.30万,<0.1%,1,<0.1%,100.0,--
2024-11-06,野孩子,上映55天,2.41亿,0.28万,<0.1%,29,<0.1%,2.4,3.3%
2024-11-06,踢出个未来,上映40天,126.9万,0.28万,<0.1%,3,<0.1%,29.7,11.1%
2024-11-06,一江清水,上映5天,3.5万,0.27万,<0.1%,32,<0.1%,2.5,--
2024-11-06,神偷奶爸4,,4.23亿,0.26万,<0.1%,12,<0.1%,3.3,4.3%
2024-11-06,灭世魔珠,上映7天,5000,0.26万,<0.1%,2,<0.1%,32.5,--
2024-11-06,密室逃脱,上映20天,415.8万,0.23万,<0.1%,292,<0.1%,0.3,0.2%
2024-11-06,草原的夏天,,11.6万,0.22万,<0.1%,1,<0.1%,75.0,--
2024-11-06,爆款好人,上映37天,2709.2万,0.21万,<0.1%,140,<0.1%,0.4,0.8%
2024-11-06,出发,,645.1万,0.20万,<0.1%,2,<0.1%,29.0,--
2024-11-06,音乐课,上映23天,27.4万,0.19万,<0.1%,6,<0.1%,14.2,6.3%
2024-11-06,我要当老师,,1303.8万,0.18万,<0.1%,2,<0.1%,29.5,17.3%
2024-11-06,816,上映19天,79.6万,0.17万,<0.1%,46,<0.1%,1.2,1.0%
2024-11-06,一生交给党,,331.1万,0.16万,<0.1%,4,<0.1%,15.5,--
2024-11-06,周立波回清溪,,1055.6万,0.16万,<0.1%,1,<0.1%,66.0,--
2024-11-06,开国大典,,1.9万,0.16万,<0.1%,6,<0.1%,6.8,3.3%
2024-11-06,康熙与路易十四,,210.4万,0.16万,<0.1%,3,<0.1%,13.3,4.7%
2024-11-06,凤鸣飞天,上映8天,7.5万,0.15万,<0.1%,28,<0.1%,1.8,1.4%
2024-11-06,范蠡献西施（戏曲 粤剧）,上映20天,5.7万,0.12万,<0.1%,3,<0.1%,16.7,12.0%
2024-11-06,阿莫阿依,,1328.5万,0.12万,<0.1%,1,<0.1%,50.0,29.4%
2024-11-06,邓小平小道,,2741.6万,0.11万,<0.1%,1,<0.1%,34.0,--
2024-11-06,俺的傻娘,上映23天,8.5万,0.11万,<0.1%,6,<0.1%,5.3,--
2024-11-06,新大头儿子和小头爸爸6：迷你大冒险,上映37天,2780.6万,0.10万,<0.1%,228,<0.1%,0.1,0.1%
2024-11-06,陌上花开,上映13天,8.0万,0.10万,<0.1%,28,<0.1%,1.4,1.5%
2024-11-06,你是我的英雄,,1108.2万,0.10万,<0.1%,12,<0.1%,2.9,--
2024-11-06,绑架游戏,上映26天,1615.4万,0.10万,<0.1%,290,<0.1%,0.1,0.1%
2024-11-06,开国大典(上集),,94.0万,0.09万,<0.1%,4,<0.1%,7.5,--
2024-11-06,清道夫,上映6天,2.9万,0.08万,<0.1%,45,<0.1%,0.4,0.4%
2024-11-06,我的爷爷,上映48天,253.2万,0.07万,<0.1%,2,<0.1%,12.5,13.3%
2024-11-06,单单,点映,4270,0.07万,<0.1%,1,<0.1%,22.0,--
2024-11-06,奇妙萌可大电影,上映53天,1091.5万,0.07万,<0.1%,70,<0.1%,0.4,0.3%
2024-11-06,北极荒原,展映,169.1万,0.06万,<0.1%,1,<0.1%,14.0,4.1%
2024-11-06,白蛇：浮生,上映89天,4.25亿,0.05万,<0.1%,32,<0.1%,0.4,0.4%
2024-11-06,光之子,上映18天,12.6万,0.05万,<0.1%,27,<0.1%,0.7,1.2%
2024-11-06,超级的我,,1223.3万,0.04万,<0.1%,8,<0.1%,2.0,--
2024-11-06,猴脸,上映71天,2.1万,0.04万,<0.1%,3,<0.1%,5.0,6.0%
2024-11-06,一雪前耻,上映53天,9385.6万,0.03万,<0.1%,3,<0.1%,3.3,1.8%
2024-11-06,盐湖计划,上映15天,6.1万,0.03万,<0.1%,43,<0.1%,0.3,0.2%
2024-11-06,党的女儿,,6.6万,0.02万,<0.1%,1,<0.1%,21.0,--
2024-11-06,金色少年,上映65天,18.5万,0.02万,<0.1%,1,<0.1%,7.0,8.3%
2024-11-06,追鱼,展映,4.9万,0.02万,<0.1%,1,<0.1%,13.0,9.8%
2024-11-06,转生大作战,上映69天,315.6万,0.01万,<0.1%,4,<0.1%,1.3,1.8%
2024-11-06,富都青年,上映47天,342.0万,0.01万,<0.1%,3,<0.1%,1.3,0.3%
2024-11-06,朱同在三年级丢失了超能力,,1515.8万,0.00万,<0.1%,2,<0.1%,1.5,1.7%
2024-11-06,毛泽东在上海1924,,14.8万,0.00万,<0.1%,1,<0.1%,9.0,8.4%
2024-11-06,冲撞,上映13天,8.3万,0.00万,<0.1%,14,<0.1%,0.2,0.4%
2024-11-06,沉默高原,上映20天,5.3万,0.00万,<0.1%,5,<0.1%,0.4,0.3%
2024-11-06,蛋宝大营救,上映61天,543.7万,0.00万,<0.1%,10,<0.1%,0.2,0.2%
2024-11-06,坂本龙一：杰作,,494.2万,0.00万,<0.1%,1,<0.1%,2.0,--
2024-11-06,蓝色禁区：凪,,3344.2万,0.00万,<0.1%,1,<0.1%,1.0,--
2024-11-06,车库,上映48天,67.8万,0.00万,<0.1%,4,<0.1%,0.5,0.5%
2024-11-06,流浪地球2：再次冒险,上映53天,54.8万,0.00万,<0.1%,4,<0.1%,0.3,--
2024-11-06,重生,上映83天,4.64亿,0.00万,<0.1%,6,<0.1%,0.2,0.1%
2024-11-06,死侍与金刚狼,,4.30亿,0.00万,<0.1%,1,<0.1%,1.0,--
2024-11-06,通往夏天的隧道，再见的出口,上映69天,1685.5万,0.00万,<0.1%,1,<0.1%,1.0,--
2024-11-06,非礼勿言,上映54天,323.7万,0.00万,<0.1%,1,<0.1%,1.0,--
2024-11-06,魔幻奇缘之宝石公主,,813.8万,0.00万,<0.1%,1,<0.1%,1.0,2.5%
2024-11-06,忠爱无言2,,87.5万,0.00万,<0.1%,3,<0.1%,0.3,--
2024-11-06,火影忍者剧场版：忍者之路,点映,43.9万,0.00万,<0.1%,1,<0.1%,0.0,--
2024-11-06,流浪地球,,46.87亿,0万,<0.1%,2,<0.1%,0.0,--
2024-11-06,流浪地球2,,40.43亿,0万,<0.1%,16,<0.1%,0.0,--
2024-11-06,我，就是风!,,1220.2万,0万,<0.1%,2,<0.1%,0.0,--
2024-11-06,脐带,,169.8万,0万,<0.1%,1,<0.1%,0.0,--
2024-11-06,泪光中的妈妈,,136.5万,0万,<0.1%,1,<0.1%,0.0,--
2024-11-06,抗战中的文艺（舞台纪录电影·话剧）,,15.7万,0万,<0.1%,1,<0.1%,0.0,--
2024-11-06,生死坚守,,94.0万,0万,<0.1%,1,<0.1%,0.0,--
2024-11-06,阿里巴巴与神灯,,2223.5万,0万,<0.1%,1,<0.1%,0.0,--
2024-11-06,走走停停,,1.02亿,0万,<0.1%,1,<0.1%,0.0,--
2024-11-06,堡垒,,281.7万,0万,<0.1%,1,<0.1%,0.0,--
2024-11-06,我们的岁月,,1022.3万,0万,<0.1%,1,<0.1%,0.0,--
2024-11-06,望道,,8201.0万,0万,<0.1%,1,<0.1%,0.0,--
2024-11-06,时光记忆,上映47天,6896,0万,<0.1%,1,<0.1%,0.0,--
2024-11-06,八角笼中,,22.07亿,0万,<0.1%,2,<0.1%,0.0,--
2024-11-06,醒来2,,381.7万,0万,<0.1%,1,<0.1%,0.0,--
2024-11-06,解密,上映96天,3.34亿,0万,<0.1%,8,<0.1%,0.0,--
2024-11-06,断线之后,,17.7万,0万,<0.1%,1,<0.1%,0.0,--
2024-11-06,加班惊魂,上映89天,455.3万,0万,<0.1%,7,<0.1%,0.0,--
2024-11-06,天龙押运,,,0万,<0.1%,1,<0.1%,0.0,--
2024-11-06,申纪兰,,483.1万,0万,<0.1%,3,<0.1%,0.0,--
2024-11-06,抓娃娃,,33.27亿,0万,<0.1%,1,<0.1%,0.0,--
2024-11-06,乡见未晚,上映55天,29.7万,0万,<0.1%,5,<0.1%,0.0,--
2024-11-06,大圣降妖,上映53天,215.6万,0万,<0.1%,4,<0.1%,0.0,--
2024-11-06,爸爸是外星人,,505.5万,0万,<0.1%,1,<0.1%,0.0,--
2024-11-06,天慕,,1066.2万,0万,<0.1%,1,<0.1%,0.0,--
2024-11-06,我和我的父辈,,14.77亿,0万,<0.1%,1,<0.1%,0.0,--
2024-11-06,新龙门客栈（舞台纪录电影·越剧）,上映69天,610.6万,0万,<0.1%,1,<0.1%,0.0,--
2024-11-06,桃李无言,上映21天,29.9万,0万,<0.1%,17,<0.1%,0.0,--
2024-11-06,根本停不下来,展映,7.4万,0万,<0.1%,3,<0.1%,0.0,--
2024-11-06,那个不为人知的故事,点映,4150,0万,<0.1%,4,<0.1%,0.0,--
2024-11-06,胜券在握,点映,40,0万,<0.1%,1,<0.1%,0.0,--
2024-11-06,宇宙探索编辑部,,6722.4万,0万,<0.1%,1,<0.1%,0.0,--
2024-11-06,白夜书店,上映41天,1151,0万,<0.1%,1,<0.1%,0.0,--
2024-11-06,志愿军：雄兵出击,,8.68亿,0万,<0.1%,1,<0.1%,0.0,--
2024-11-06,这个杀手不太冷静,,26.27亿,0万,<0.1%,3,<0.1%,0.0,--
2024-11-06,森林飞侠,上映53天,40.4万,0万,<0.1%,1,<0.1%,0.0,--
2024-11-06,与孩子一同成长,上映58天,14.9万,0万,<0.1%,1,<0.1%,0.0,--
2024-11-06,根据地,,192.4万,0万,<0.1%,1,<0.1%,0.0,--
2024-11-06,绿林大冒险,,890.8万,0万,<0.1%,1,<0.1%,0.0,--
2024-11-06,从21世纪安全撤离,上映97天,1.12亿,0万,<0.1%,1,<0.1%,0.0,--
2024-11-06,超级幼儿园,,227.3万,0万,<0.1%,1,<0.1%,0.0,--
2024-11-06,边疆军魂,,41.1万,0万,<0.1%,1,<0.1%,0.0,--
2024-11-06,看不见的朋友,上映48天,72.9万,0万,<0.1%,1,<0.1%,0.0,--
2024-11-06,航海王：红发歌姬,,1.85亿,0万,<0.1%,1,<0.1%,0.0,--
2024-11-06,哈利·波特与凤凰社,,1.45亿,0万,<0.1%,2,<0.1%,0.0,1.2%
2024-11-06,加菲猫家族,,1.84亿,0万,<0.1%,1,<0.1%,0.0,--
2024-11-06,毒液：致命守护者,,18.70亿,0万,<0.1%,1,<0.1%,0.0,--
2024-11-06,燃烧的巴黎圣母院,,99.7万,0万,<0.1%,1,<0.1%,0.0,--
2024-11-07,焚城,上映7天,1.27亿,902.33万,30.9%,72403,20.4%,3.1,2.3%
2024-11-07,毒液：最后一舞,上映16天,5.38亿,730.81万,25.1%,87209,24.5%,2.0,1.3%
2024-11-07,鸳鸯楼·惊魂,上映8天,3673.3万,278.98万,9.5%,28655,8.0%,2.9,3.0%
2024-11-07,乔妍的心事,上映13天,1.41亿,206.18万,7.0%,41009,11.5%,1.3,1.2%
2024-11-07,志愿军：存亡之战,上映39天,11.80亿,191.33万,6.5%,18899,5.3%,2.5,2.5%
2024-11-07,哈利·波特与火焰杯,,1.24亿,124.31万,4.2%,12619,3.5%,2.4,1.5%
2024-11-07,胜券在握,点映,121.1万,121.14万,4.1%,6702,1.8%,4.8,4.0%
2024-11-07,这个杀手不太冷,上映7天,1297.2万,75.82万,2.6%,12408,3.4%,1.6,1.5%
2024-11-07,爱你很久很久,上映7天,1740.5万,72.99万,2.5%,18066,5.0%,1.1,1.1%
2024-11-07,蓦然回首,上映13天,4741.5万,45.25万,1.5%,11796,3.3%,1.0,0.9%
2024-11-07,哈利·波特与阿兹卡班的囚徒,,7966.7万,23.87万,0.8%,2444,0.6%,2.4,2.0%
2024-11-07,老枪,上映7天,408.7万,21.15万,0.7%,7027,1.9%,0.8,0.9%
2024-11-07,熊猫计划,上映38天,3.00亿,15.45万,0.5%,8091,2.2%,0.6,0.6%
2024-11-07,女人世界,上映3天,47.0万,9.61万,0.3%,6316,1.7%,0.4,0.4%
2024-11-07,危机航线,上映39天,3.00亿,8.54万,0.2%,3845,1.0%,0.6,0.6%
2024-11-07,田园时代,上映27天,288.5万,5.85万,0.2%,20,<0.1%,88.0,33.6%
2024-11-07,只此青绿,上映38天,5086.1万,5.79万,0.1%,1183,0.3%,1.2,1.1%
2024-11-07,与你相遇的日子,上映42天,850.3万,5.62万,0.1%,20,<0.1%,67.0,50.9%
2024-11-07,夹缝之间,点映,15.9万,4.79万,0.1%,6,<0.1%,127.3,--
2024-11-07,哈利·波特与密室,,9654.6万,4.17万,0.1%,597,0.1%,1.7,1.7%
2024-11-07,小丑2：双重妄想,上映23天,5385.7万,3.97万,0.1%,1404,0.3%,0.7,0.8%
2024-11-07,海绵宝宝：拯救比奇堡,上映21天,2392.8万,3.92万,0.1%,3347,0.9%,0.3,0.3%
2024-11-07,里斯本丸沉没,上映63天,4472.6万,3.88万,0.1%,268,<0.1%,3.8,4.1%
2024-11-07,哈利·波特与凤凰社,,1.45亿,3.64万,0.1%,181,<0.1%,4.3,1.8%
2024-11-07,浴火之路,上映38天,4.61亿,3.47万,0.1%,2126,0.5%,0.4,0.4%
2024-11-07,大突围,点映,38.8万,3.39万,0.1%,88,<0.1%,11.0,6.1%
2024-11-07,哈利·波特与魔法石,,3.23亿,3.32万,0.1%,494,0.1%,1.7,1.6%
2024-11-07,苍穹,展映,2792.3万,2.90万,<0.1%,6,<0.1%,121.2,--
2024-11-07,云上的云,上映21天,1088.3万,2.43万,<0.1%,96,<0.1%,10.1,7.3%
2024-11-07,出走的决心,上映54天,1.23亿,2.15万,<0.1%,588,0.1%,1.1,1.0%
2024-11-07,变形金刚：起源,上映42天,1.50亿,1.77万,<0.1%,985,0.2%,0.5,0.5%
2024-11-07,海上钢琴师,,1.43亿,1.60万,<0.1%,4,<0.1%,100.0,--
2024-11-07,开国将帅授衔1955,,843.4万,1.32万,<0.1%,31,<0.1%,11.1,--
2024-11-07,749局,上映38天,3.75亿,1.15万,<0.1%,614,0.1%,0.6,0.6%
2024-11-07,门前宝地,上映49天,178.6万,1.03万,<0.1%,6,<0.1%,50.0,--
2024-11-07,青年邓颖超,,140.2万,0.89万,<0.1%,11,<0.1%,40.8,0.3%
2024-11-07,一生交给党,,331.9万,0.84万,<0.1%,5,<0.1%,40.6,37.3%
2024-11-07,唐山大地震,,6.50亿,0.83万,<0.1%,556,0.1%,0.5,0.5%
2024-11-07,爱情神话,,2.60亿,0.76万,<0.1%,338,<0.1%,0.6,0.6%
2024-11-07,荒野机器人,上映49天,5125.7万,0.75万,<0.1%,183,<0.1%,0.9,0.9%
2024-11-07,开国宴风云,上映49天,51.5万,0.69万,<0.1%,2,<0.1%,91.0,45.8%
2024-11-07,阿莫阿依,,1329.2万,0.66万,<0.1%,5,<0.1%,53.4,51.3%
2024-11-07,密室逃脱,上映21天,416.4万,0.66万,<0.1%,313,<0.1%,0.7,0.8%
2024-11-07,冬天没有童话,,25.3万,0.60万,<0.1%,2,<0.1%,100.0,--
2024-11-07,伟大征程,上映8天,11.6万,0.53万,<0.1%,1501,0.4%,<0.1,0.0%
2024-11-07,爆款好人,上映38天,2709.7万,0.50万,<0.1%,161,<0.1%,0.8,0.5%
2024-11-07,浙南儿女英雄传之热血长虹,,98.1万,0.49万,<0.1%,1,<0.1%,140.0,20.1%
2024-11-07,野孩子,上映56天,2.41亿,0.44万,<0.1%,28,<0.1%,3.9,3.1%
2024-11-07,单声,,180.4万,0.42万,<0.1%,8,<0.1%,26.5,63.0%
2024-11-07,边疆军魂,,41.5万,0.42万,<0.1%,4,<0.1%,47.3,--
2024-11-07,一竞到底,上映7天,48.2万,0.39万,<0.1%,505,0.1%,0.2,0.2%
2024-11-07,名侦探柯南：百万美元的五棱星,上映84天,2.86亿,0.38万,<0.1%,100,<0.1%,1.1,1.2%
2024-11-07,2024江苏无锡法国电影展,上映7天,3367,0.33万,<0.1%,2,<0.1%,25.0,--
2024-11-07,熊猫盼盼,展映,49.8万,0.32万,<0.1%,1,<0.1%,109.0,--
2024-11-07,谁持彩练当空舞,,616.0万,0.32万,<0.1%,3,<0.1%,32.3,--
2024-11-07,草原的夏天,,11.9万,0.30万,<0.1%,1,<0.1%,100.0,--
2024-11-07,荧屏奇遇,,12.0万,0.30万,<0.1%,1,<0.1%,100.0,--
2024-11-07,非洲：塞伦盖蒂国家公园,,12.7万,0.30万,<0.1%,1,<0.1%,100.0,--
2024-11-07,凤鸣飞天,上映9天,7.8万,0.29万,<0.1%,28,<0.1%,3.5,3.2%
2024-11-07,一江清水,上映6天,3.8万,0.26万,<0.1%,25,<0.1%,3.0,--
2024-11-07,你是我的英雄,,1108.4万,0.25万,<0.1%,21,<0.1%,4.0,0.0%
2024-11-07,开国大典,,2.1万,0.24万,<0.1%,8,<0.1%,7.8,0.2%
2024-11-07,永不消逝的电波（舞台纪录电影·舞剧）,,219.3万,0.24万,<0.1%,5,<0.1%,11.8,8.6%
2024-11-07,我要当老师,,1304.1万,0.22万,<0.1%,3,<0.1%,24.3,44.2%
2024-11-07,唤醒者,,518.3万,0.18万,<0.1%,2,<0.1%,37.5,--
2024-11-07,康熙与路易十四,,210.6万,0.16万,<0.1%,3,<0.1%,13.7,4.7%
2024-11-07,“上海少女”的三十年,零点场,9233,0.16万,<0.1%,1,<0.1%,53.0,33.7%
2024-11-07,姥姥的外孙,上映77天,1.26亿,0.14万,<0.1%,24,<0.1%,1.6,2.2%
2024-11-07,范蠡献西施（戏曲 粤剧）,上映21天,5.8万,0.13万,<0.1%,4,<0.1%,13.0,12.1%
2024-11-07,816,上映20天,79.7万,0.12万,<0.1%,77,<0.1%,0.5,1.2%
2024-11-07,绑架游戏,上映27天,1615.5万,0.11万,<0.1%,283,<0.1%,0.1,0.1%
2024-11-07,江南：在爱开始的地方等你,上映54天,350.5万,0.08万,<0.1%,129,<0.1%,0.2,0.2%
2024-11-07,清道夫,上映7天,3.0万,0.08万,<0.1%,50,<0.1%,0.4,0.4%
2024-11-07,俺的傻娘,上映24天,8.5万,0.08万,<0.1%,6,<0.1%,3.8,--
2024-11-07,新大头儿子和小头爸爸6：迷你大冒险,上映38天,2780.7万,0.07万,<0.1%,238,<0.1%,<0.1,0.1%
2024-11-07,巡察,,12.5万,0.07万,<0.1%,1,<0.1%,39.0,30.4%
2024-11-07,反腐枪声,,10.8万,0.07万,<0.1%,1,<0.1%,39.0,--
2024-11-07,神偷奶爸4,,4.23亿,0.07万,<0.1%,3,<0.1%,5.3,--
2024-11-07,光之子,上映19天,12.7万,0.07万,<0.1%,23,<0.1%,1.4,0.8%
2024-11-07,猴脸,上映72天,2.2万,0.06万,<0.1%,4,<0.1%,5.3,8.4%
2024-11-07,逆行人生,上映91天,3.59亿,0.05万,<0.1%,12,<0.1%,1.1,0.7%
2024-11-07,异形：夺命舰,上映84天,7.86亿,0.05万,<0.1%,4,<0.1%,4.3,3.3%
2024-11-07,白蛇：浮生,上映90天,4.25亿,0.05万,<0.1%,39,<0.1%,0.3,0.4%
2024-11-07,奇妙萌可大电影,上映54天,1091.6万,0.04万,<0.1%,65,<0.1%,0.2,0.2%
2024-11-07,孤军,,3203.6万,0.04万,<0.1%,1,<0.1%,19.0,0.9%
2024-11-07,盐湖计划,上映16天,6.1万,0.03万,<0.1%,57,<0.1%,0.3,0.3%
2024-11-07,超级的我,,1223.4万,0.02万,<0.1%,8,<0.1%,1.3,--
2024-11-07,陌上花开,上映14天,8.1万,0.02万,<0.1%,23,<0.1%,0.3,0.0%
2024-11-07,北极荒原,展映,169.1万,0.01万,<0.1%,1,<0.1%,4.0,1.1%
2024-11-07,祝你幸福！,上映54天,6004.2万,0.01万,<0.1%,15,<0.1%,0.1,0.1%
2024-11-07,流浪地球2,,40.43亿,0.01万,<0.1%,17,<0.1%,0.2,0.2%
2024-11-07,车库,上映49天,67.8万,0.00万,<0.1%,4,<0.1%,1.0,1.0%
2024-11-07,重生,上映84天,4.64亿,0.00万,<0.1%,11,<0.1%,0.2,0.2%
2024-11-07,大圣降妖,上映54天,215.6万,0.00万,<0.1%,5,<0.1%,0.4,0.2%
2024-11-07,富都青年,上映48天,342.1万,0.00万,<0.1%,2,<0.1%,1.0,0.9%
2024-11-07,加班惊魂,上映90天,455.3万,0.00万,<0.1%,7,<0.1%,0.3,0.2%
2024-11-07,流浪地球2：再次冒险,上映54天,54.8万,0.00万,<0.1%,3,<0.1%,0.3,--
2024-11-07,沉默高原,上映21天,5.3万,0.00万,<0.1%,4,<0.1%,0.3,--
2024-11-07,爱情，到此为止,上映70天,174.5万,0.00万,<0.1%,1,<0.1%,1.0,1.3%
2024-11-07,我的爷爷,上映49天,253.2万,0.00万,<0.1%,1,<0.1%,1.0,1.3%
2024-11-07,航海王：红发歌姬,,1.85亿,0.00万,<0.1%,2,<0.1%,0.5,1.2%
2024-11-07,音乐课,上映24天,27.4万,0.00万,<0.1%,5,<0.1%,0.2,--
2024-11-07,忠爱无言2,,87.5万,0.00万,<0.1%,2,<0.1%,0.5,--
2024-11-07,流浪地球,,46.87亿,0万,<0.1%,2,<0.1%,0.0,--
2024-11-07,中国乒乓之绝地反击,,1.00亿,0万,<0.1%,1,<0.1%,0.0,--
2024-11-07,我，就是风!,,1220.2万,0万,<0.1%,3,<0.1%,0.0,--
2024-11-07,冲撞,上映14天,8.3万,0万,<0.1%,13,<0.1%,0.0,--
2024-11-07,开国大典(上集),,94.0万,0万,<0.1%,3,<0.1%,0.0,--
2024-11-07,脐带,,169.8万,0万,<0.1%,1,<0.1%,0.0,--
2024-11-07,泪光中的妈妈,,136.5万,0万,<0.1%,1,<0.1%,0.0,--
2024-11-07,一千零一夜之拯救黄金城,,58.6万,0万,<0.1%,1,<0.1%,0.0,--
2024-11-07,生死坚守,,94.0万,0万,<0.1%,2,<0.1%,0.0,--
2024-11-07,极地大反攻,,399.1万,0万,<0.1%,1,<0.1%,0.0,--
2024-11-07,走走停停,,1.02亿,0万,<0.1%,1,<0.1%,0.0,--
2024-11-07,父亲在远方,,70.3万,0万,<0.1%,1,<0.1%,0.0,--
2024-11-07,西瓜队,,4730,0万,<0.1%,1,<0.1%,0.0,--
2024-11-07,我们的岁月,,1022.3万,0万,<0.1%,1,<0.1%,0.0,--
2024-11-07,望道,,8201.0万,0万,<0.1%,1,<0.1%,0.0,--
2024-11-07,踢出个未来,上映41天,126.9万,0万,<0.1%,1,<0.1%,0.0,--
2024-11-07,时光记忆,上映48天,6896,0万,<0.1%,1,<0.1%,0.0,--
2024-11-07,锦衣卫,,1.40亿,0万,<0.1%,1,<0.1%,0.0,--
2024-11-07,太空熊猫总动员,,424.0万,0万,<0.1%,1,<0.1%,0.0,--
2024-11-07,富贵东西,,350.1万,0万,<0.1%,8,<0.1%,0.0,--
2024-11-07,金腰带,上映77天,114.8万,0万,<0.1%,1,<0.1%,0.0,--
2024-11-07,魔幻奇缘之宝石公主,,813.8万,0万,<0.1%,1,<0.1%,0.0,--
2024-11-07,八角笼中,,22.07亿,0万,<0.1%,2,<0.1%,0.0,--
2024-11-07,醒来2,,381.7万,0万,<0.1%,1,<0.1%,0.0,--
2024-11-07,一雪前耻,上映54天,9385.6万,0万,<0.1%,2,<0.1%,0.0,--
2024-11-07,少年先锋,,73.8万,0万,<0.1%,10,<0.1%,0.0,--
2024-11-07,解密,上映97天,3.34亿,0万,<0.1%,8,<0.1%,0.0,--
2024-11-07,朱同在三年级丢失了超能力,,1515.8万,0万,<0.1%,1,<0.1%,0.0,--
2024-11-07,极速阻击,,1.0万,0万,<0.1%,2,<0.1%,0.0,--
2024-11-07,申纪兰,展映,5.1万,0万,<0.1%,1,<0.1%,0.0,--
2024-11-07,申纪兰,,483.1万,0万,<0.1%,7,<0.1%,0.0,--
2024-11-07,出入平安,上映39天,2113.1万,0万,<0.1%,2,<0.1%,0.0,--
2024-11-07,全员嫌疑人,上映54天,2171.7万,0万,<0.1%,1,<0.1%,0.0,--
2024-11-07,乡见未晚,上映56天,29.7万,0万,<0.1%,6,<0.1%,0.0,--
2024-11-07,青蛙王子历险记2,,401.1万,0万,<0.1%,1,<0.1%,0.0,--
2024-11-07,一山之隔,,203.8万,0万,<0.1%,3,<0.1%,0.0,--
2024-11-07,爸爸是外星人,,505.5万,0万,<0.1%,1,<0.1%,0.0,--
2024-11-07,大场面,上映54天,1245.2万,0万,<0.1%,1,<0.1%,0.0,--
2024-11-07,天慕,,1066.2万,0万,<0.1%,1,<0.1%,0.0,--
2024-11-07,蛋宝大营救,上映62天,543.7万,0万,<0.1%,4,<0.1%,0.0,0.3%
2024-11-07,新龙门客栈（舞台纪录电影·越剧）,上映70天,610.6万,0万,<0.1%,1,<0.1%,0.0,--
2024-11-07,桃李无言,上映22天,29.9万,0万,<0.1%,3,<0.1%,0.0,--
2024-11-07,根本停不下来,展映,7.4万,0万,<0.1%,3,<0.1%,0.0,--
2024-11-07,好东西,,点映,0万,<0.1%,1,<0.1%,0.0,--
2024-11-07,宇宙探索编辑部,,6722.4万,0万,<0.1%,1,<0.1%,0.0,--
2024-11-07,新大头儿子和小头爸爸2一日成才,,9039.8万,0万,<0.1%,1,<0.1%,0.0,--
2024-11-07,叶问2：宗师传奇,,2.30亿,0万,<0.1%,1,<0.1%,0.0,--
2024-11-07,白夜书店,上映42天,1151,0万,<0.1%,1,<0.1%,0.0,--
2024-11-07,志愿军：雄兵出击,,8.68亿,0万,<0.1%,1,<0.1%,0.0,--
2024-11-07,这个杀手不太冷静,,26.27亿,0万,<0.1%,3,<0.1%,0.0,--
2024-11-07,森林飞侠,上映54天,40.4万,0万,<0.1%,3,<0.1%,0.0,--
2024-11-07,与孩子一同成长,上映59天,14.9万,0万,<0.1%,1,<0.1%,0.0,--
2024-11-07,戴假发的人,,点映,0万,<0.1%,1,<0.1%,0.0,--
2024-11-07,一代人师严修,上映59天,10.2万,0万,<0.1%,1,<0.1%,0.0,--
2024-11-07,从21世纪安全撤离,上映98天,1.12亿,0万,<0.1%,2,<0.1%,0.0,--
2024-11-07,出发,,645.1万,0万,<0.1%,1,<0.1%,0.0,--
2024-11-07,血溅鸳鸯楼,,219,0万,<0.1%,2,<0.1%,0.0,--
2024-11-07,看不见的朋友,上映49天,72.9万,0万,<0.1%,1,<0.1%,0.0,--
2024-11-07,火影忍者剧场版：忍者之路,点映,43.9万,0万,<0.1%,1,<0.1%,0.0,--
2024-11-07,铁甲钢拳,,1.22亿,0万,<0.1%,1,<0.1%,0.0,--
2024-11-07,加菲猫家族,,1.84亿,0万,<0.1%,3,<0.1%,0.0,--
2024-11-07,燃烧的巴黎圣母院,,99.7万,0万,<0.1%,1,<0.1%,0.0,--
2024-11-08,焚城,上映8天,1.39亿,1222.94万,24.6%,66107,17.9%,4.6,3.5%
2024-11-08,毒液：最后一舞,上映17天,5.49亿,1096.90万,22.1%,74464,20.2%,3.6,2.5%
2024-11-08,哈利·波特与凤凰社,,1.50亿,580.43万,11.6%,16817,4.5%,8.4,5.2%
2024-11-08,红色一号：冬日行动,上映首日,521.6万,514.03万,10.3%,61898,16.8%,2.1,1.6%
2024-11-08,鸳鸯楼·惊魂,上映9天,4060.1万,386.79万,7.7%,24762,6.7%,4.8,5.1%
2024-11-08,志愿军：存亡之战,上映40天,11.83亿,275.64万,5.5%,14785,4.0%,4.8,5.0%
2024-11-08,乔妍的心事,上映14天,1.43亿,190.81万,3.8%,30020,8.1%,1.6,1.6%
2024-11-08,胜券在握,点映,267.6万,146.52万,2.9%,6408,1.7%,6.0,5.1%
2024-11-08,最后的里程,点映,70.7万,66.22万,1.3%,3780,1.0%,4.4,4.3%
2024-11-08,这个杀手不太冷,上映8天,1359.1万,61.92万,1.2%,6121,1.6%,2.6,2.6%
2024-11-08,蓦然回首,上映14天,4801.2万,59.71万,1.2%,8369,2.2%,1.9,1.8%
2024-11-08,哈利·波特与火焰杯,,1.24亿,56.59万,1.1%,2553,0.6%,5.5,4.6%
2024-11-08,爱你很久很久,上映8天,1792.3万,51.85万,1.0%,10566,2.8%,1.4,1.5%
2024-11-08,熊猫计划,上映39天,3.01亿,28.59万,0.5%,6243,1.6%,1.4,1.6%
2024-11-08,老枪,上映8天,431.7万,23.03万,0.4%,5978,1.6%,1.0,1.1%
2024-11-08,火影忍者剧场版：忍者之路,点映,65.1万,21.14万,0.4%,1215,0.3%,4.5,4.1%
2024-11-08,哈利·波特与阿兹卡班的囚徒,,7984.4万,17.64万,0.3%,891,0.2%,4.9,4.6%
2024-11-08,夹缝之间,上映首日,32.4万,16.51万,0.3%,5418,1.4%,0.8,0.7%
2024-11-08,海绵宝宝：拯救比奇堡,上映22天,2407.0万,14.18万,0.2%,3767,1.0%,1.1,1.2%
2024-11-08,女人世界,上映4天,57.8万,10.83万,0.2%,5746,1.5%,0.5,0.5%
2024-11-08,大突围,点映,47.1万,8.30万,0.1%,91,<0.1%,26.0,13.1%
2024-11-08,危机航线,上映40天,3.00亿,7.57万,0.1%,2304,0.6%,0.9,0.8%
2024-11-08,只此青绿,上映39天,5092.4万,6.33万,0.1%,928,0.2%,1.6,1.6%
2024-11-08,哈利·波特与魔法石,,3.23亿,6.32万,0.1%,292,<0.1%,5.3,4.1%
2024-11-08,与你相遇的日子,上映43天,856.1万,5.82万,0.1%,23,<0.1%,60.3,55.6%
2024-11-08,里斯本丸沉没,上映64天,4478.1万,5.54万,0.1%,251,<0.1%,5.6,5.1%
2024-11-08,田园时代,上映28天,294.0万,5.52万,0.1%,22,<0.1%,74.7,29.1%
2024-11-08,苍穹,展映,2796.8万,4.53万,<0.1%,6,<0.1%,188.8,--
2024-11-08,变形金刚：起源,上映43天,1.50亿,4.03万,<0.1%,902,0.2%,1.1,1.3%
2024-11-08,一竞到底,上映8天,51.8万,3.63万,<0.1%,324,<0.1%,3.6,3.2%
2024-11-08,哈利·波特与密室,,9658.1万,3.48万,<0.1%,306,<0.1%,2.9,2.9%
2024-11-08,小丑2：双重妄想,上映24天,5388.8万,3.13万,<0.1%,823,0.2%,0.9,1.0%
2024-11-08,浴火之路,上映39天,4.61亿,2.88万,<0.1%,1277,0.3%,0.6,0.6%
2024-11-08,断线之后,,20.4万,2.68万,<0.1%,18,<0.1%,74.6,23.8%
2024-11-08,那个不为人知的故事,点映,3.0万,2.68万,<0.1%,4,<0.1%,111.8,--
2024-11-08,永不消逝的电波（舞台纪录电影·舞剧）,,221.8万,2.51万,<0.1%,8,<0.1%,122.4,47.7%
2024-11-08,单声,,182.8万,2.44万,<0.1%,23,<0.1%,53.2,34.2%
2024-11-08,荒野机器人,上映50天,5128.1万,2.36万,<0.1%,194,<0.1%,3.6,1.5%
2024-11-08,云上的云,上映22天,1090.1万,1.83万,<0.1%,70,<0.1%,10.3,3.8%
2024-11-08,你是我的英雄,,1110.2万,1.81万,<0.1%,30,<0.1%,20.1,4.4%
2024-11-08,出走的决心,上映55天,1.23亿,1.68万,<0.1%,400,0.1%,1.3,1.2%
2024-11-08,749局,上映39天,3.75亿,1.59万,<0.1%,442,0.1%,1.0,0.8%
2024-11-08,青年邓颖超,,141.8万,1.57万,<0.1%,15,<0.1%,52.6,6.8%
2024-11-08,门前宝地,上映50天,180.1万,1.44万,<0.1%,7,<0.1%,61.7,--
2024-11-08,边疆军魂,,42.8万,1.30万,<0.1%,15,<0.1%,40.4,34.6%
2024-11-08,阿莫阿依,,1330.4万,1.25万,<0.1%,10,<0.1%,50.3,16.6%
2024-11-08,伟大征程,上映9天,12.8万,1.19万,<0.1%,566,0.1%,0.5,0.1%
2024-11-08,音乐课,上映25天,28.5万,1.10万,<0.1%,10,<0.1%,45.0,--
2024-11-08,一生交给党,,333.0万,1.07万,<0.1%,16,<0.1%,26.0,12.2%
2024-11-08,开国将帅授衔1955,,844.3万,0.96万,<0.1%,18,<0.1%,14.7,--
2024-11-08,开国宴风云,上映50天,52.4万,0.91万,<0.1%,5,<0.1%,55.6,43.7%
2024-11-08,冬天没有童话,,26.2万,0.84万,<0.1%,2,<0.1%,141.0,--
2024-11-08,孤军,,3204.4万,0.84万,<0.1%,9,<0.1%,37.3,12.5%
2024-11-08,踢出个未来,上映42天,127.7万,0.75万,<0.1%,3,<0.1%,88.0,40.7%
2024-11-08,唤醒者,,519.0万,0.75万,<0.1%,4,<0.1%,75.0,--
2024-11-08,禹城秘事,点映,12.7万,0.72万,<0.1%,3,<0.1%,73.0,--
2024-11-08,凤鸣飞天,上映10天,8.5万,0.67万,<0.1%,24,<0.1%,9.3,8.2%
2024-11-08,新大头儿子和小头爸爸6：迷你大冒险,上映39天,2781.3万,0.60万,<0.1%,319,<0.1%,0.5,0.3%
2024-11-08,长安三万里,,18.24亿,0.53万,<0.1%,10,<0.1%,26.0,29.9%
2024-11-08,烽火塘田,,157.8万,0.53万,<0.1%,2,<0.1%,106.5,--
2024-11-08,逆行人生,上映92天,3.59亿,0.51万,<0.1%,13,<0.1%,9.1,5.4%
2024-11-08,一江清水,上映7天,4.3万,0.50万,<0.1%,29,<0.1%,5.2,--
2024-11-08,浙南儿女英雄传之热血长虹,,98.6万,0.49万,<0.1%,1,<0.1%,140.0,20.1%
2024-11-08,名侦探柯南：百万美元的五棱星,上映85天,2.86亿,0.46万,<0.1%,96,<0.1%,1.3,1.5%
2024-11-08,绝地重生,,1116.8万,0.44万,<0.1%,10,<0.1%,8.0,--
2024-11-08,草原的夏天,,12.3万,0.42万,<0.1%,1,<0.1%,141.0,--
2024-11-08,非洲：塞伦盖蒂国家公园,,13.2万,0.42万,<0.1%,1,<0.1%,141.0,--
2024-11-08,熊猫盼盼,展映,50.2万,0.42万,<0.1%,1,<0.1%,141.0,--
2024-11-08,荧屏奇遇,,12.5万,0.42万,<0.1%,1,<0.1%,141.0,--
2024-11-08,根据地,,192.8万,0.40万,<0.1%,3,<0.1%,53.3,--
2024-11-08,爆款好人,上映39天,2710.1万,0.38万,<0.1%,104,<0.1%,1.0,0.8%
2024-11-08,反腐枪声,,11.1万,0.31万,<0.1%,3,<0.1%,49.3,--
2024-11-08,巡察,,12.8万,0.31万,<0.1%,3,<0.1%,49.3,29.6%
2024-11-08,俺的傻娘,上映25天,8.9万,0.31万,<0.1%,4,<0.1%,21.0,--
2024-11-08,小倩,点映,48.5万,0.29万,<0.1%,7,<0.1%,13.1,12.5%
2024-11-08,爱情神话,,2.60亿,0.29万,<0.1%,110,<0.1%,0.7,0.6%
2024-11-08,邓小平小道,,2741.9万,0.29万,<0.1%,3,<0.1%,26.0,21.2%
2024-11-08,康熙与路易十四,,210.9万,0.28万,<0.1%,3,<0.1%,23.7,5.6%
2024-11-08,唐山大地震,,6.50亿,0.28万,<0.1%,494,0.1%,0.2,0.1%
2024-11-08,密室逃脱,上映22天,416.7万,0.24万,<0.1%,210,<0.1%,0.4,0.4%
2024-11-08,生死坚守,,94.2万,0.23万,<0.1%,7,<0.1%,17.0,1.3%
2024-11-08,陌上花开,上映15天,8.3万,0.23万,<0.1%,15,<0.1%,6.1,0.5%
2024-11-08,开国大典(上集),,94.2万,0.22万,<0.1%,5,<0.1%,10.0,11.8%
2024-11-08,“上海少女”的三十年,上映首日,1.1万,0.21万,<0.1%,6,<0.1%,7.5,9.6%
2024-11-08,出发,,645.3万,0.20万,<0.1%,1,<0.1%,58.0,--
2024-11-08,开国大典,,2.3万,0.20万,<0.1%,5,<0.1%,10.0,--
2024-11-08,生命底色,,63.4万,0.17万,<0.1%,4,<0.1%,17.5,--
2024-11-08,一山之隔,,204.0万,0.17万,<0.1%,7,<0.1%,9.7,--
2024-11-08,神偷奶爸4,,4.23亿,0.16万,<0.1%,6,<0.1%,8.0,8.2%
2024-11-08,超级的我,,1223.5万,0.16万,<0.1%,8,<0.1%,7.0,--
2024-11-08,奇妙萌可大电影,上映55天,1091.7万,0.15万,<0.1%,89,<0.1%,0.5,0.5%
2024-11-08,谁持彩练当空舞,,616.2万,0.15万,<0.1%,3,<0.1%,16.7,29.6%
2024-11-08,2024江苏无锡法国电影展,上映8天,4792,0.14万,<0.1%,2,<0.1%,10.5,--
2024-11-08,藏羚王之宝贝日记—极地追踪,,1.4万,0.12万,<0.1%,1,<0.1%,50.0,--
2024-11-08,范蠡献西施（戏曲 粤剧）,上映22天,6.0万,0.12万,<0.1%,3,<0.1%,16.7,11.6%
2024-11-08,申纪兰,,483.2万,0.12万,<0.1%,8,<0.1%,5.8,--
2024-11-08,我的爷爷,上映50天,253.4万,0.11万,<0.1%,3,<0.1%,13.0,--
2024-11-08,桃李无言,上映23天,30.0万,0.11万,<0.1%,1,<0.1%,39.0,26.6%
2024-11-08,姥姥的外孙,上映78天,1.26亿,0.11万,<0.1%,15,<0.1%,1.9,2.8%
2024-11-08,金色少年,上映67天,18.6万,0.10万,<0.1%,2,<0.1%,16.5,20.6%
2024-11-08,乡见未晚,上映57天,29.8万,0.10万,<0.1%,6,<0.1%,6.7,7.9%
2024-11-08,白蛇：浮生,上映91天,4.25亿,0.08万,<0.1%,28,<0.1%,0.7,1.1%
2024-11-08,余下都是春天,,41.0万,0.07万,<0.1%,1,<0.1%,39.0,--
2024-11-08,北极荒原,展映,169.2万,0.06万,<0.1%,1,<0.1%,16.0,4.7%
2024-11-08,江南：在爱开始的地方等你,上映55天,350.6万,0.06万,<0.1%,124,<0.1%,0.2,0.1%
2024-11-08,光之子,上映20天,12.8万,0.06万,<0.1%,17,<0.1%,0.9,2.2%
2024-11-08,猴脸,上映73天,2.2万,0.06万,<0.1%,2,<0.1%,10.0,27.0%
2024-11-08,野孩子,上映57天,2.41亿,0.05万,<0.1%,18,<0.1%,0.8,0.8%
2024-11-08,绑架游戏,上映28天,1615.6万,0.05万,<0.1%,165,<0.1%,<0.1,0.0%
2024-11-08,冲撞,上映15天,8.3万,0.04万,<0.1%,9,<0.1%,1.0,1.6%
2024-11-08,816,上映21天,79.7万,0.03万,<0.1%,75,<0.1%,0.1,0.3%
2024-11-08,加拉帕戈斯：自然的仙境,展映,79.7万,0.02万,<0.1%,1,<0.1%,6.0,1.7%
2024-11-08,祝你幸福！,上映55天,6004.3万,0.02万,<0.1%,12,<0.1%,0.5,0.6%
2024-11-08,泪光中的妈妈,,136.6万,0.01万,<0.1%,3,<0.1%,0.7,--
2024-11-08,流浪地球2：再次冒险,上映55天,54.8万,0.00万,<0.1%,4,<0.1%,0.5,0.3%
2024-11-08,坂本龙一：杰作,,494.2万,0.00万,<0.1%,1,<0.1%,2.0,--
2024-11-08,清道夫,上映8天,3.0万,0.00万,<0.1%,26,<0.1%,<0.1,0.1%
2024-11-08,全员嫌疑人,上映55天,2171.7万,0.00万,<0.1%,2,<0.1%,1.0,1.0%
2024-11-08,车库,上映50天,67.8万,0.00万,<0.1%,2,<0.1%,1.0,1.0%
2024-11-08,头脑特工队2,,3.44亿,0.00万,<0.1%,3,<0.1%,0.3,--
2024-11-08,带彩球的帐篷,,8.0万,0.00万,<0.1%,5,<0.1%,0.2,0.2%
2024-11-08,盐湖计划,上映17天,6.1万,0.00万,<0.1%,22,<0.1%,<0.1,0.0%
2024-11-08,我和我的父辈,,14.77亿,0.00万,<0.1%,1,<0.1%,1.0,1.2%
2024-11-08,忠爱无言2,,87.5万,0.00万,<0.1%,2,<0.1%,0.5,--
2024-11-08,根本停不下来,展映,7.4万,0.00万,<0.1%,5,<0.1%,0.0,0.2%
2024-11-08,我要去远方,,125.0万,0万,<0.1%,1,<0.1%,0.0,--
2024-11-08,走走停停,,1.02亿,0万,<0.1%,1,<0.1%,0.0,--
2024-11-08,我的爸爸是国王,,1569.1万,0万,<0.1%,1,<0.1%,0.0,--
2024-11-08,潜艇总动员：环游地球80天,,5261.5万,0万,<0.1%,1,<0.1%,0.0,--
2024-11-08,周恩来与乌兰牧骑,,4.8万,0万,<0.1%,2,<0.1%,0.0,--
2024-11-08,志愿军：雄兵出击,,8.68亿,0万,<0.1%,2,<0.1%,0.0,--
2024-11-08,大场面,上映55天,1245.2万,0万,<0.1%,2,<0.1%,0.0,--
2024-11-08,我，就是风!,,1220.2万,0万,<0.1%,2,<0.1%,0.0,--
2024-11-08,三湾改编,,5427.3万,0万,<0.1%,1,<0.1%,0.0,--
2024-11-08,谷魂,,43.2万,0万,<0.1%,1,<0.1%,0.0,--
2024-11-08,森林飞侠,上映55天,40.4万,0万,<0.1%,2,<0.1%,0.0,--
2024-11-08,时光记忆,上映49天,6896,0万,<0.1%,1,<0.1%,0.0,--
2024-11-08,红海行动,,36.52亿,0万,<0.1%,1,<0.1%,0.0,--
2024-11-08,等儿的湿地,,1.3万,0万,<0.1%,1,<0.1%,0.0,--
2024-11-08,这个杀手不太冷静,,26.27亿,0万,<0.1%,2,<0.1%,0.0,--
2024-11-08,宇宙探索编辑部,,6722.4万,0万,<0.1%,1,<0.1%,0.0,--
2024-11-08,航海王：红发歌姬,,1.85亿,0万,<0.1%,1,<0.1%,0.0,--
2024-11-08,北京遇上西雅图,,5.20亿,0万,<0.1%,1,<0.1%,0.0,--
2024-11-08,流浪地球,,46.87亿,0万,<0.1%,2,<0.1%,0.0,--
2024-11-08,中国机长,,29.13亿,0万,<0.1%,2,<0.1%,0.0,--
2024-11-08,我们的岁月,,1022.3万,0万,<0.1%,1,<0.1%,0.0,--
2024-11-08,太空熊猫总动员,,424.0万,0万,<0.1%,1,<0.1%,0.0,--
2024-11-08,脐带,,169.8万,0万,<0.1%,1,<0.1%,0.0,--
2024-11-08,钢铁意志,,1.03亿,0万,<0.1%,1,<0.1%,0.0,--
2024-11-08,流浪地球2,,40.43亿,0万,<0.1%,2,<0.1%,0.0,--
2024-11-08,咱们的工会主席,,14.1万,0万,<0.1%,1,<0.1%,0.0,--
2024-11-08,白夜书店,上映43天,1151,0万,<0.1%,1,<0.1%,0.0,--
2024-11-08,哈利·波特与混血王子,,1.56亿,0万,<0.1%,1,<0.1%,0.0,--
2024-11-08,从21世纪安全撤离,上映99天,1.12亿,0万,<0.1%,4,<0.1%,0.0,--
2024-11-08,父亲在远方,,70.3万,0万,<0.1%,1,<0.1%,0.0,--
2024-11-08,大圣降妖,上映55天,215.6万,0万,<0.1%,3,<0.1%,0.0,--
2024-11-08,一雪前耻,上映55天,9385.6万,0万,<0.1%,3,<0.1%,0.0,--
2024-11-08,加班惊魂,上映91天,455.3万,0万,<0.1%,6,<0.1%,0.0,--
2024-11-08,极速阻击,,1.0万,0万,<0.1%,1,<0.1%,0.0,--
2024-11-08,我要当老师,,1304.1万,0万,<0.1%,2,<0.1%,0.0,--
2024-11-08,解密,上映98天,3.34亿,0万,<0.1%,8,<0.1%,0.0,--
2024-11-08,西施新传,上映55天,5.1万,0万,<0.1%,1,<0.1%,0.0,--
2024-11-08,申纪兰,展映,5.1万,0万,<0.1%,1,<0.1%,0.0,--
2024-11-08,燃烧的巴黎圣母院,,99.7万,0万,<0.1%,6,<0.1%,0.0,--
2024-11-08,看不见的朋友,上映50天,72.9万,0万,<0.1%,1,<0.1%,0.0,--
2024-11-08,富贵东西,,350.1万,0万,<0.1%,9,<0.1%,0.0,--
2024-11-08,单单,点映,4270,0万,<0.1%,1,<0.1%,0.0,--
2024-11-08,封神第一部,,26.34亿,0万,<0.1%,1,<0.1%,0.0,--
2024-11-08,喜羊羊与灰太狼之守护,,9123.4万,0万,<0.1%,1,<0.1%,0.0,--
2024-11-08,血溅鸳鸯楼,,219,0万,<0.1%,2,<0.1%,0.0,--
2024-11-08,咱们结婚吧,,2.84亿,0万,<0.1%,2,<0.1%,0.0,--
2024-11-08,潜艇总动员：寻龙,,3228.7万,0万,<0.1%,1,<0.1%,0.0,--
2024-11-08,魔幻奇缘之宝石公主,,813.8万,0万,<0.1%,1,<0.1%,0.0,--
2024-11-08,八角笼中,,22.07亿,0万,<0.1%,2,<0.1%,0.0,--
2024-11-08,八百矿工上井冈,,1117.0万,0万,<0.1%,5,<0.1%,0.0,--
2024-11-08,爸爸是外星人,,505.5万,0万,<0.1%,1,<0.1%,0.0,--
2024-11-08,蛋宝大营救,上映63天,543.7万,0万,<0.1%,1,<0.1%,0.0,--
2024-11-08,加菲猫家族,,1.84亿,0万,<0.1%,2,<0.1%,0.0,--
2024-11-08,好东西,,点映,0万,<0.1%,9,<0.1%,0.0,--
2024-11-08,少年先锋,,73.8万,0万,<0.1%,1,<0.1%,0.0,--
2024-11-08,与孩子一同成长,上映60天,14.9万,0万,<0.1%,1,<0.1%,0.0,--
2024-11-08,极地大反攻,,399.1万,0万,<0.1%,1,<0.1%,0.0,--
2024-11-08,异形：夺命舰,上映85天,7.86亿,0万,<0.1%,2,<0.1%,0.0,--
2024-11-08,致敬英雄,,368.2万,0万,<0.1%,1,<0.1%,0.0,--
2024-11-08,沉默高原,上映22天,5.3万,0万,<0.1%,2,<0.1%,0.0,--
2024-11-08,重生,上映85天,4.64亿,0万,<0.1%,7,<0.1%,0.0,--
2024-11-09,那个不为人知的故事,上映首日,6270.0万,6266.96万,38.8%,124209,27.3%,13.1,9.8%
2024-11-09,毒液：最后一舞,上映18天,5.73亿,2474.94万,15.3%,55669,12.2%,10.8,7.7%
2024-11-09,焚城,上映9天,1.62亿,2269.30万,14.0%,49429,10.8%,11.0,8.5%
2024-11-09,火影忍者剧场版：忍者之路,上映首日,1372.4万,1307.26万,8.1%,55600,12.2%,6.3,6.1%
2024-11-09,哈利·波特与凤凰社,,1.60亿,912.57万,5.6%,13489,2.9%,16.0,9.9%
2024-11-09,鸳鸯楼·惊魂,上映10天,4648.8万,588.71万,3.6%,16234,3.5%,11.2,12.3%
2024-11-09,红色一号：冬日行动,上映2天,1101.5万,579.93万,3.5%,40246,8.8%,3.6,2.9%
2024-11-09,最后的里程,上映首日,331.6万,260.89万,1.6%,19175,4.2%,3.4,3.5%
2024-11-09,胜券在握,点映,490.4万,222.74万,1.3%,6151,1.3%,9.3,8.5%
2024-11-09,乔妍的心事,上映15天,1.45亿,164.23万,1.0%,9762,2.1%,4.4,4.8%
2024-11-09,志愿军：存亡之战,上映41天,11.84亿,142.89万,0.8%,5704,1.2%,6.5,7.1%
2024-11-09,海绵宝宝：拯救比奇堡,上映23天,2544.9万,137.92万,0.8%,7839,1.7%,5.0,5.5%
2024-11-09,蓦然回首,上映15天,4930.1万,128.89万,0.7%,5155,1.1%,6.6,6.3%
2024-11-09,哈利·波特与火焰杯,,1.25亿,108.50万,0.6%,1446,0.3%,17.9,15.4%
2024-11-09,熊猫计划,上映40天,3.02亿,86.98万,0.5%,4320,0.9%,6.3,7.3%
2024-11-09,好东西,点映,77.2万,77.27万,0.4%,1062,0.2%,12.5,12.2%
2024-11-09,这个杀手不太冷,上映9天,1423.6万,64.45万,0.3%,1468,0.3%,10.9,12.1%
2024-11-09,哈利·波特与阿兹卡班的囚徒,,8025.4万,41.05万,0.2%,537,0.1%,18.2,17.0%
2024-11-09,爱你很久很久,上映9天,1829.6万,37.30万,0.2%,2693,0.5%,3.9,4.6%
2024-11-09,老枪,上映9天,467.5万,35.84万,0.2%,4879,1.0%,1.9,2.1%
2024-11-09,我谈的那场恋爱,点映,30.2万,30.26万,0.1%,589,0.1%,12.7,12.5%
2024-11-09,变形金刚：起源,上映44天,1.50亿,29.29万,0.1%,1363,0.3%,5.6,6.0%
2024-11-09,夹缝之间,上映2天,52.5万,20.07万,0.1%,17816,3.9%,0.3,0.3%
2024-11-09,女人世界,上映5天,71.3万,13.52万,<0.1%,3747,0.8%,1.0,0.7%
2024-11-09,哈利·波特与魔法石,,3.23亿,12.03万,<0.1%,222,<0.1%,13.3,11.1%
2024-11-09,哈利·波特与密室,,9667.7万,9.62万,<0.1%,187,<0.1%,12.6,13.2%
2024-11-09,只此青绿,上映40天,5100.8万,8.35万,<0.1%,384,<0.1%,5.1,5.0%
2024-11-09,荒野机器人,上映51天,5136.0万,7.88万,<0.1%,338,<0.1%,6.0,7.2%
2024-11-09,新大头儿子和小头爸爸6：迷你大冒险,上映40天,2787.7万,6.40万,<0.1%,740,0.1%,2.5,2.5%
2024-11-09,与你相遇的日子,上映44天,861.6万,5.50万,<0.1%,18,<0.1%,72.8,74.0%
2024-11-09,开国将帅授衔1955,,848.9万,4.53万,<0.1%,18,<0.1%,69.3,--
2024-11-09,田园时代,上映29天,298.1万,4.07万,<0.1%,17,<0.1%,77.5,30.1%
2024-11-09,苍穹,展映,2800.8万,3.98万,<0.1%,6,<0.1%,166.2,--
2024-11-09,大突围,点映,51.0万,3.87万,<0.1%,36,<0.1%,33.1,7.4%
2024-11-09,奇妙萌可大电影,上映56天,1095.3万,3.51万,<0.1%,265,<0.1%,4.2,5.1%
2024-11-09,渼陂,上映74天,57.9万,3.50万,<0.1%,5,<0.1%,200.0,11.0%
2024-11-09,危机航线,上映41天,3.00亿,3.15万,<0.1%,470,0.1%,1.7,2.0%
2024-11-09,小丑2：双重妄想,上映25天,5391.8万,2.94万,<0.1%,215,<0.1%,3.4,4.8%
2024-11-09,里斯本丸沉没,上映65天,4481.0万,2.92万,<0.1%,146,<0.1%,5.5,6.7%
2024-11-09,名侦探柯南：百万美元的五棱星,上映86天,2.86亿,2.14万,<0.1%,87,<0.1%,7.0,9.3%
2024-11-09,一竞到底,上映9天,53.8万,2.01万,<0.1%,51,<0.1%,11.9,11.4%
2024-11-09,光之子,上映21天,14.7万,1.87万,<0.1%,16,<0.1%,19.3,29.3%
2024-11-09,749局,上映40天,3.75亿,1.79万,<0.1%,172,<0.1%,3.3,3.6%
2024-11-09,一江清水,上映8天,6.0万,1.65万,<0.1%,47,<0.1%,10.3,4.4%
2024-11-09,出走的决心,上映56天,1.23亿,1.61万,<0.1%,130,<0.1%,3.5,4.1%
2024-11-09,伟大征程,上映10天,14.3万,1.49万,<0.1%,78,<0.1%,4.1,3.6%
2024-11-09,泪光中的妈妈,,138.0万,1.41万,<0.1%,8,<0.1%,84.0,27.6%
2024-11-09,冬天没有童话,,27.5万,1.33万,<0.1%,3,<0.1%,148.7,--
2024-11-09,浴火之路,上映40天,4.61亿,1.30万,<0.1%,329,<0.1%,1.0,1.1%
2024-11-09,音乐课,上映26天,29.7万,1.25万,<0.1%,8,<0.1%,51.5,51.2%
2024-11-09,门前宝地,上映51天,181.3万,1.19万,<0.1%,6,<0.1%,56.5,--
2024-11-09,爱情神话,,2.60亿,1.12万,<0.1%,22,<0.1%,14.6,5.0%
2024-11-09,康熙与路易十四,,212.0万,1.12万,<0.1%,3,<0.1%,90.7,7.4%
2024-11-09,地球脉动：极境生存,,297.6万,0.93万,<0.1%,1,<0.1%,207.0,--
2024-11-09,最后的心事,上映57天,16.2万,0.90万,<0.1%,3,<0.1%,97.7,60.4%
2024-11-09,凤鸣飞天,上映11天,9.3万,0.85万,<0.1%,19,<0.1%,14.4,23.5%
2024-11-09,云上的云,上映23天,1090.9万,0.84万,<0.1%,36,<0.1%,8.9,10.0%
2024-11-09,爆款好人,上映40天,2710.9万,0.79万,<0.1%,35,<0.1%,6.2,3.0%
2024-11-09,“上海少女”的三十年,上映2天,1.9万,0.78万,<0.1%,8,<0.1%,24.0,11.7%
2024-11-09,踢出个未来,上映43天,128.4万,0.74万,<0.1%,6,<0.1%,46.0,40.7%
2024-11-09,小倩,点映,49.2万,0.67万,<0.1%,6,<0.1%,33.2,23.9%
2024-11-09,过春天,,1015.3万,0.63万,<0.1%,10,<0.1%,30.1,45.1%
2024-11-09,完美的日子,点映,5787,0.57万,<0.1%,4,<0.1%,33.5,22.5%
2024-11-09,奔跑吧，麋鹿,上映66天,32.6万,0.56万,<0.1%,3,<0.1%,62.7,33.8%
2024-11-09,加拉帕戈斯：自然的仙境,展映,80.2万,0.54万,<0.1%,1,<0.1%,128.0,37.6%
2024-11-09,草原的夏天,,12.9万,0.54万,<0.1%,1,<0.1%,180.0,--
2024-11-09,非洲：塞伦盖蒂国家公园,,13.7万,0.54万,<0.1%,1,<0.1%,180.0,--
2024-11-09,熊猫盼盼,展映,50.8万,0.54万,<0.1%,1,<0.1%,180.0,--
2024-11-09,荧屏奇遇,,13.0万,0.54万,<0.1%,1,<0.1%,180.0,--
2024-11-09,阿莫阿依,,1330.9万,0.53万,<0.1%,5,<0.1%,43.0,5.9%
2024-11-09,又见奈良,,501.6万,0.51万,<0.1%,10,<0.1%,25.1,28.7%
2024-11-09,刺杀小说家,,10.35亿,0.49万,<0.1%,13,<0.1%,18.8,21.0%
2024-11-09,北极荒原,展映,169.7万,0.46万,<0.1%,1,<0.1%,107.0,30.2%
2024-11-09,江南：在爱开始的地方等你,上映56天,351.0万,0.45万,<0.1%,120,<0.1%,1.2,0.3%
2024-11-09,忠义侠女,上映首日,4500,0.45万,<0.1%,2,<0.1%,60.0,69.3%
2024-11-09,浙南儿女英雄传之热血长虹,,98.9万,0.35万,<0.1%,1,<0.1%,100.0,14.3%
2024-11-09,俺的傻娘,上映26天,9.2万,0.30万,<0.1%,3,<0.1%,29.0,--
2024-11-09,我的爷爷,上映51天,253.7万,0.30万,<0.1%,3,<0.1%,20.0,--
2024-11-09,816,上映22天,80.0万,0.30万,<0.1%,41,<0.1%,2.4,32.2%
2024-11-09,我，就是风!,,1220.4万,0.25万,<0.1%,3,<0.1%,33.3,0.9%
2024-11-09,白蛇：浮生,上映92天,4.25亿,0.23万,<0.1%,26,<0.1%,2.3,3.0%
2024-11-09,单单,点映,6250,0.19万,<0.1%,2,<0.1%,33.0,3.9%
2024-11-09,唤醒者,,519.2万,0.19万,<0.1%,2,<0.1%,38.0,--
2024-11-09,密室逃脱,上映23天,416.9万,0.18万,<0.1%,79,<0.1%,0.7,1.2%
2024-11-09,2024江苏无锡法国电影展,上映9天,6628,0.18万,<0.1%,2,<0.1%,13.5,--
2024-11-09,记忆消失前,上映51天,9.2万,0.17万,<0.1%,1,<0.1%,50.0,40.8%
2024-11-09,永不消逝的电波（舞台纪录电影·舞剧）,,222.0万,0.17万,<0.1%,5,<0.1%,10.2,6.4%
2024-11-09,野孩子,上映58天,2.41亿,0.16万,<0.1%,12,<0.1%,3.4,1.5%
2024-11-09,睿王与庄妃,,2.1万,0.15万,<0.1%,1,<0.1%,50.0,73.5%
2024-11-09,姥姥的外孙,上映79天,1.26亿,0.12万,<0.1%,10,<0.1%,3.4,5.8%
2024-11-09,坂本龙一：杰作,,494.3万,0.12万,<0.1%,1,<0.1%,48.0,--
2024-11-09,孤军,,3204.5万,0.11万,<0.1%,1,<0.1%,47.0,--
2024-11-09,周立波回清溪,,1055.7万,0.09万,<0.1%,1,<0.1%,38.0,--
2024-11-09,超级的我,,1223.6万,0.09万,<0.1%,8,<0.1%,3.0,--
2024-11-09,你是我的英雄,,1110.3万,0.08万,<0.1%,7,<0.1%,4.1,--
2024-11-09,冲撞,上映16天,8.4万,0.08万,<0.1%,6,<0.1%,4.7,14.7%
2024-11-09,夏日心灵,上映45天,18.4万,0.07万,<0.1%,1,<0.1%,24.0,83.3%
2024-11-09,七声,,9.6万,0.07万,<0.1%,2,<0.1%,15.0,--
2024-11-09,中国乒乓之绝地反击,,1.00亿,0.05万,<0.1%,2,<0.1%,12.0,32.8%
2024-11-09,少年先锋,,73.8万,0.03万,<0.1%,36,<0.1%,0.3,--
2024-11-09,出发,,645.4万,0.02万,<0.1%,1,<0.1%,7.0,5.2%
2024-11-09,逆行人生,上映93天,3.59亿,0.02万,<0.1%,2,<0.1%,2.5,3.3%
2024-11-09,祝你幸福！,上映56天,6004.3万,0.02万,<0.1%,3,<0.1%,2.0,--
2024-11-09,重生,上映86天,4.64亿,0.01万,<0.1%,2,<0.1%,2.0,1.7%
2024-11-09,陌上花开,上映16天,8.3万,0.01万,<0.1%,9,<0.1%,0.4,0.8%
2024-11-09,绑架游戏,上映29天,1615.6万,0.01万,<0.1%,47,<0.1%,0.1,0.0%
2024-11-09,宇宙探索编辑部,,6722.4万,0.01万,<0.1%,1,<0.1%,6.0,7.5%
2024-11-09,开国大典,,2.3万,0.01万,<0.1%,5,<0.1%,0.8,--
2024-11-09,带彩球的帐篷,,8.0万,0.01万,<0.1%,5,<0.1%,0.4,0.3%
2024-11-09,开国大典(上集),,94.2万,0.01万,<0.1%,2,<0.1%,2.5,1.8%
2024-11-09,大圣降妖,上映56天,215.6万,0.00万,<0.1%,5,<0.1%,0.6,0.4%
2024-11-09,流浪地球2,,40.43亿,0.00万,<0.1%,4,<0.1%,0.5,1.2%
2024-11-09,根本停不下来,展映,7.5万,0.00万,<0.1%,4,<0.1%,0.5,--
2024-11-09,盐湖计划,上映18天,6.1万,0.00万,<0.1%,15,<0.1%,0.1,0.2%
2024-11-09,开国宴风云,上映51天,52.4万,0.00万,<0.1%,1,<0.1%,2.0,2.0%
2024-11-09,车库,上映51天,67.8万,0.00万,<0.1%,2,<0.1%,1.0,1.0%
2024-11-09,流浪地球2：再次冒险,上映56天,54.8万,0.00万,<0.1%,2,<0.1%,0.5,--
2024-11-09,蓝色禁区：凪,,3344.2万,0.00万,<0.1%,1,<0.1%,1.0,--
2024-11-09,疯狂小世界,,257.0万,0.00万,<0.1%,3,<0.1%,0.3,--
2024-11-09,忠爱无言2,,87.5万,0.00万,<0.1%,1,<0.1%,1.0,--
2024-11-09,潜艇总动员：环游地球80天,,5261.5万,0万,<0.1%,4,<0.1%,0.0,--
2024-11-09,默杀,,13.51亿,0万,<0.1%,2,<0.1%,0.0,--
2024-11-09,巧虎奇幻舞台历险记,,648.4万,0万,<0.1%,2,<0.1%,0.0,--
2024-11-09,茶啊二中,,3.84亿,0万,<0.1%,2,<0.1%,0.0,--
2024-11-09,头脑特工队,,9706.5万,0万,<0.1%,3,<0.1%,0.0,--
2024-11-09,森林飞侠,上映56天,40.4万,0万,<0.1%,2,<0.1%,0.0,--
2024-11-09,长安三万里,,18.24亿,0万,<0.1%,3,<0.1%,0.0,--
2024-11-09,时光记忆,上映50天,6896,0万,<0.1%,1,<0.1%,0.0,--
2024-11-09,流浪地球,,46.87亿,0万,<0.1%,2,<0.1%,0.0,--
2024-11-09,我们的岁月,,1022.3万,0万,<0.1%,1,<0.1%,0.0,--
2024-11-09,汪汪队立大功大电影2：超能大冒险,,1.38亿,0万,<0.1%,2,<0.1%,0.0,--
2024-11-09,头脑特工队2,,3.44亿,0万,<0.1%,9,<0.1%,0.0,--
2024-11-09,古宅谜案,,点映,0万,<0.1%,1,<0.1%,0.0,--
2024-11-09,新猪猪侠大电影·超级赛车,,5370.5万,0万,<0.1%,4,<0.1%,0.0,--
2024-11-09,从21世纪安全撤离,上映100天,1.12亿,0万,<0.1%,1,<0.1%,0.0,--
2024-11-09,父亲在远方,,70.3万,0万,<0.1%,1,<0.1%,0.0,--
2024-11-09,朝云暮雨,,1881.8万,0万,<0.1%,4,<0.1%,0.0,--
2024-11-09,银河宝贝,,107.5万,0万,<0.1%,1,<0.1%,0.0,--
2024-11-09,一雪前耻,上映56天,9385.6万,0万,<0.1%,2,<0.1%,0.0,--
2024-11-09,孤注一掷,,38.49亿,0万,<0.1%,1,<0.1%,0.0,--
2024-11-09,七十七天,,1.03亿,0万,<0.1%,1,<0.1%,0.0,--
2024-11-09,解密,上映99天,3.34亿,0万,<0.1%,8,<0.1%,0.0,--
2024-11-09,西施新传,上映56天,5.1万,0万,<0.1%,1,<0.1%,0.0,--
2024-11-09,疯狂大营救,,90.6万,0万,<0.1%,12,<0.1%,0.0,--
2024-11-09,富贵东西,,350.1万,0万,<0.1%,5,<0.1%,0.0,--
2024-11-09,一千零一夜之拯救黄金城,,58.6万,0万,<0.1%,1,<0.1%,0.0,--
2024-11-09,打过长江去,,2245.8万,0万,<0.1%,12,<0.1%,0.0,--
2024-11-09,熊出没·伴我“熊芯”,,14.95亿,0万,<0.1%,1,<0.1%,0.0,--
2024-11-09,熊出没·逆转时空,,19.84亿,0万,<0.1%,4,<0.1%,0.0,--
2024-11-09,清道夫,上映9天,3.0万,0万,<0.1%,12,<0.1%,0.0,--
2024-11-09,王牌二哈,,311.5万,0万,<0.1%,6,<0.1%,0.0,--
2024-11-09,异形：夺命舰,上映86天,7.86亿,0万,<0.1%,2,<0.1%,0.0,--
2024-11-09,百变马丁：怪兽大作战,,817.0万,0万,<0.1%,3,<0.1%,0.0,--
2024-11-09,猴脸,上映74天,2.2万,0万,<0.1%,1,<0.1%,0.0,--
2024-11-09,舒克贝塔·五角飞碟,,6607.2万,0万,<0.1%,1,<0.1%,0.0,--
2024-11-09,神偷奶爸3,,10.37亿,0万,<0.1%,1,<0.1%,0.0,--
2024-11-09,隐藏的真相,,,0万,<0.1%,1,<0.1%,0.0,--
2024-11-09,大场面,上映56天,1245.2万,0万,<0.1%,1,<0.1%,0.0,--
2024-11-09,冰雪奇缘,,2.98亿,0万,<0.1%,1,<0.1%,0.0,--
2024-11-09,我是哪吒2之英雄归来,,1775.5万,0万,<0.1%,2,<0.1%,0.0,--
2024-11-09,神偷奶爸4,,4.23亿,0万,<0.1%,23,<0.1%,0.0,--
2024-11-09,这个杀手不太冷静,,26.27亿,0万,<0.1%,2,<0.1%,0.0,--
2024-11-09,申纪兰,,483.2万,0万,<0.1%,3,<0.1%,0.0,--
2024-11-09,两只小猪之勇闯神秘岛,,517.9万,0万,<0.1%,1,<0.1%,0.0,--
2024-11-09,阿里巴巴三根金发,,1030.8万,0万,<0.1%,1,<0.1%,0.0,--
2024-11-09,超级幼儿园,,227.3万,0万,<0.1%,1,<0.1%,0.0,--
2024-11-09,脐带,,169.8万,0万,<0.1%,3,<0.1%,0.0,--
2024-11-09,绿林大冒险,,890.8万,0万,<0.1%,1,<0.1%,0.0,--
2024-11-09,唐山大地震,,6.50亿,0万,<0.1%,8,<0.1%,0.0,0.1%
2024-11-09,新大头儿子和小头爸爸2一日成才,,9039.8万,0万,<0.1%,1,<0.1%,0.0,--
2024-11-09,白夜书店,上映44天,1151,0万,<0.1%,1,<0.1%,0.0,--
2024-11-09,猪猪侠大电影·恐龙日记,,7932.2万,0万,<0.1%,1,<0.1%,0.0,--
2024-11-09,超时空大冒险,,285.6万,0万,<0.1%,2,<0.1%,0.0,--
2024-11-09,加班惊魂,上映92天,455.3万,0万,<0.1%,1,<0.1%,0.0,--
2024-11-09,草原大作战,,190.6万,0万,<0.1%,6,<0.1%,0.0,--
2024-11-09,全员嫌疑人,上映56天,2171.7万,0万,<0.1%,1,<0.1%,0.0,--
2024-11-09,看不见的朋友,上映51天,72.9万,0万,<0.1%,1,<0.1%,0.0,--
2024-11-09,笨鸟大冒险,,636.3万,0万,<0.1%,6,<0.1%,0.0,--
2024-11-09,疯狂丑小鸭,,2344.1万,0万,<0.1%,1,<0.1%,0.0,--
2024-11-09,封神第一部,,26.34亿,0万,<0.1%,3,<0.1%,0.0,--
2024-11-09,狮子王,,8.33亿,0万,<0.1%,2,<0.1%,0.0,--
2024-11-09,喜羊羊与灰太狼之守护,,9123.4万,0万,<0.1%,13,<0.1%,0.0,--
2024-11-09,乡见未晚,上映58天,29.8万,0万,<0.1%,5,<0.1%,0.0,--
2024-11-09,开心超人,,3545.0万,0万,<0.1%,1,<0.1%,0.0,--
2024-11-09,潜艇总动员：寻龙,,3228.7万,0万,<0.1%,5,<0.1%,0.0,--
2024-11-09,爸爸是外星人,,505.5万,0万,<0.1%,1,<0.1%,0.0,--
2024-11-09,金腰带,上映79天,114.8万,0万,<0.1%,1,<0.1%,0.0,--
2024-11-09,蛋宝大营救,上映64天,543.7万,0万,<0.1%,1,<0.1%,0.0,--
2024-11-09,加菲猫家族,,1.84亿,0万,<0.1%,1,<0.1%,0.0,--
2024-11-09,二郎神之深海蛟龙,,414.2万,0万,<0.1%,1,<0.1%,0.0,--
2024-11-10,那个不为人知的故事,上映2天,8089.6万,1819.54万,20.3%,111431,26.0%,4.2,3.0%
2024-11-10,焚城,上映10天,1.80亿,1789.33万,19.9%,53756,12.5%,8.0,6.0%
2024-11-10,毒液：最后一舞,上映19天,5.91亿,1740.92万,19.4%,62177,14.5%,6.8,4.8%
2024-11-10,火影忍者剧场版：忍者之路,上映2天,2019.4万,647.02万,7.2%,47935,11.1%,3.6,3.4%
2024-11-10,哈利·波特与凤凰社,,1.66亿,592.55万,6.6%,14862,3.4%,9.5,5.8%
2024-11-10,鸳鸯楼·惊魂,上映11天,5117.9万,469.15万,5.2%,21510,5.0%,6.6,7.1%
2024-11-10,红色一号：冬日行动,上映3天,1449.1万,347.52万,3.8%,27092,6.3%,3.2,2.6%
2024-11-10,胜券在握,点映,712.7万,222.34万,2.4%,6849,1.5%,8.5,7.7%
2024-11-10,海绵宝宝：拯救比奇堡,上映24天,2712.1万,167.15万,1.8%,9802,2.2%,4.8,5.1%
2024-11-10,乔妍的心事,上映16天,1.46亿,147.47万,1.6%,12277,2.8%,3.1,3.3%
2024-11-10,最后的里程,上映2天,464.7万,133.09万,1.4%,10921,2.5%,3.0,3.1%
2024-11-10,志愿军：存亡之战,上映42天,11.85亿,125.98万,1.4%,7238,1.6%,4.4,4.5%
2024-11-10,好东西,点映,179.4万,102.22万,1.1%,1130,0.2%,16.0,16.1%
2024-11-10,蓦然回首,上映16天,5029.1万,99.07万,1.1%,6183,1.4%,4.2,4.0%
2024-11-10,熊猫计划,上映41天,3.03亿,92.85万,1.0%,5763,1.3%,5.0,5.6%
2024-11-10,哈利·波特与火焰杯,,1.26亿,92.45万,1.0%,1988,0.4%,11.2,9.6%
2024-11-10,这个杀手不太冷,上映10天,1491.4万,67.80万,0.7%,2308,0.5%,7.3,7.7%
2024-11-10,哈利·波特与阿兹卡班的囚徒,,8057.4万,31.95万,0.3%,719,0.1%,10.6,9.7%
2024-11-10,变形金刚：起源,上映45天,1.51亿,31.46万,0.3%,1703,0.3%,4.8,5.2%
2024-11-10,我谈的那场恋爱,点映,57.9万,27.71万,0.3%,600,0.1%,11.4,10.7%
2024-11-10,老枪,上映10天,492.5万,24.94万,0.2%,4792,1.1%,1.4,1.5%
2024-11-10,爱你很久很久,上映10天,1853.2万,23.59万,0.2%,3121,0.7%,2.1,2.4%
2024-11-10,完美的日子,点映,14.2万,13.62万,0.1%,21,<0.1%,107.8,66.0%
2024-11-10,女人世界,上映6天,84.4万,13.12万,0.1%,3986,0.9%,0.8,0.8%
2024-11-10,哈利·波特与魔法石,,3.23亿,10.74万,0.1%,256,<0.1%,10.4,8.6%
2024-11-10,只此青绿,上映41天,5111.3万,10.58万,0.1%,575,0.1%,4.4,4.3%
2024-11-10,荒野机器人,上映52天,5145.4万,9.41万,0.1%,435,0.1%,5.6,6.3%
2024-11-10,哈利·波特与密室,,9676.7万,9.04万,0.1%,246,<0.1%,9.1,9.6%
2024-11-10,夹缝之间,上映3天,60.5万,8.05万,<0.1%,3238,0.7%,0.7,0.7%
2024-11-10,新大头儿子和小头爸爸6：迷你大冒险,上映41天,2794.9万,7.23万,<0.1%,870,0.2%,2.5,2.5%
2024-11-10,与你相遇的日子,上映45天,867.9万,6.31万,<0.1%,24,<0.1%,58.3,47.4%
2024-11-10,祝你幸福！,上映57天,6008.5万,4.19万,<0.1%,66,<0.1%,59.2,32.1%
2024-11-10,田园时代,上映30天,302.1万,4.05万,<0.1%,19,<0.1%,59.5,33.4%
2024-11-10,苍穹,展映,2804.7万,3.94万,<0.1%,6,<0.1%,164.3,--
2024-11-10,奇妙萌可大电影,上映57天,1099.0万,3.75万,<0.1%,292,<0.1%,4.0,4.7%
2024-11-10,2024江苏无锡法国电影展,上映10天,4.2万,3.61万,<0.1%,2,<0.1%,266.0,--
2024-11-10,开国将帅授衔1955,,852.3万,3.42万,<0.1%,20,<0.1%,47.7,--
2024-11-10,小丑2：双重妄想,上映26天,5395.1万,3.36万,<0.1%,287,<0.1%,2.8,3.5%
2024-11-10,危机航线,上映42天,3.00亿,3.13万,<0.1%,656,0.1%,1.2,1.4%
2024-11-10,名侦探柯南：百万美元的五棱星,上映87天,2.86亿,2.59万,<0.1%,125,<0.1%,5.8,7.8%
2024-11-10,里斯本丸沉没,上映66天,4483.4万,2.36万,<0.1%,166,<0.1%,3.8,4.5%
2024-11-10,出走的决心,上映57天,1.23亿,1.97万,<0.1%,216,<0.1%,2.5,2.8%
2024-11-10,康熙与路易十四,,213.8万,1.77万,<0.1%,4,<0.1%,91.5,30.1%
2024-11-10,门前宝地,上映52天,183.0万,1.76万,<0.1%,8,<0.1%,66.1,1.2%
2024-11-10,749局,上映41天,3.75亿,1.74万,<0.1%,238,<0.1%,2.1,2.8%
2024-11-10,冬天没有童话,,29.1万,1.62万,<0.1%,3,<0.1%,180.0,--
2024-11-10,浴火之路,上映41天,4.61亿,1.38万,<0.1%,408,<0.1%,0.9,0.9%
2024-11-10,凤鸣飞天,上映12天,10.6万,1.32万,<0.1%,17,<0.1%,25.9,26.8%
2024-11-10,云上的云,上映24天,1092.2万,1.26万,<0.1%,34,<0.1%,14.9,17.7%
2024-11-10,一江清水,上映9天,7.1万,1.14万,<0.1%,40,<0.1%,8.2,--
2024-11-10,伟大征程,上映11天,15.4万,1.08万,<0.1%,185,<0.1%,1.2,1.8%
2024-11-10,“上海少女”的三十年,上映3天,2.9万,1.04万,<0.1%,9,<0.1%,24.9,8.1%
2024-11-10,白蛇：浮生,上映93天,4.25亿,0.87万,<0.1%,35,<0.1%,5.8,4.8%
2024-11-10,俺的傻娘,上映27天,10.0万,0.82万,<0.1%,4,<0.1%,55.3,--
2024-11-10,音乐课,上映27天,30.4万,0.68万,<0.1%,9,<0.1%,25.1,12.0%
2024-11-10,宇宙探索编辑部,,6723.1万,0.64万,<0.1%,3,<0.1%,57.0,--
2024-11-10,大突围,点映,51.6万,0.58万,<0.1%,28,<0.1%,5.9,4.7%
2024-11-10,非洲：塞伦盖蒂国家公园,,14.2万,0.54万,<0.1%,1,<0.1%,180.0,--
2024-11-10,熊猫盼盼,展映,51.3万,0.54万,<0.1%,1,<0.1%,180.0,--
2024-11-10,荧屏奇遇,,13.5万,0.54万,<0.1%,1,<0.1%,180.0,--
2024-11-10,爱情神话,,2.60亿,0.53万,<0.1%,30,<0.1%,3.7,1.8%
2024-11-10,相爱相亲,,1832.2万,0.53万,<0.1%,10,<0.1%,25.8,33.2%
2024-11-10,妈妈！,,7713.9万,0.50万,<0.1%,10,<0.1%,24.7,29.0%
2024-11-10,踢出个未来,上映44天,128.9万,0.49万,<0.1%,6,<0.1%,32.3,9.2%
2024-11-10,北极荒原,展映,170.1万,0.39万,<0.1%,1,<0.1%,92.0,28.5%
2024-11-10,一竞到底,上映10天,54.2万,0.35万,<0.1%,61,<0.1%,1.6,2.5%
2024-11-10,浙南儿女英雄传之热血长虹,,99.3万,0.35万,<0.1%,1,<0.1%,100.0,14.3%
2024-11-10,唐山大地震,,6.50亿,0.33万,<0.1%,425,<0.1%,0.2,0.3%
2024-11-10,加拉帕戈斯：自然的仙境,展映,80.6万,0.30万,<0.1%,1,<0.1%,72.0,22.3%
2024-11-10,光之子,上映22天,15.0万,0.30万,<0.1%,20,<0.1%,3.2,8.1%
2024-11-10,爆款好人,上映41天,2711.2万,0.28万,<0.1%,64,<0.1%,1.2,2.2%
2024-11-10,小倩,点映,49.4万,0.27万,<0.1%,7,<0.1%,12.1,8.7%
2024-11-10,单单,零点场,8623,0.23万,<0.1%,1,<0.1%,79.0,58.3%
2024-11-10,乡见未晚,上映59天,30.0万,0.18万,<0.1%,6,<0.1%,8.7,0.4%
2024-11-10,草原的夏天,,13.1万,0.18万,<0.1%,1,<0.1%,60.0,--
2024-11-10,爱乐之城,,2.79亿,0.17万,<0.1%,3,<0.1%,18.3,15.9%
2024-11-10,密室逃脱,上映24天,417.0万,0.15万,<0.1%,105,<0.1%,0.4,0.6%
2024-11-10,睿王与庄妃,,2.3万,0.15万,<0.1%,1,<0.1%,50.0,73.5%
2024-11-10,姥姥的外孙,上映80天,1.26亿,0.12万,<0.1%,10,<0.1%,3.0,6.0%
2024-11-10,孤军,,3204.7万,0.12万,<0.1%,1,<0.1%,48.0,--
2024-11-10,开国宴风云,上映52天,52.5万,0.11万,<0.1%,2,<0.1%,22.0,25.0%
2024-11-10,塔洛,,116.8万,0.10万,<0.1%,1,<0.1%,25.0,23.1%
2024-11-10,泪光中的妈妈,,138.1万,0.10万,<0.1%,3,<0.1%,17.0,25.2%
2024-11-10,江南：在爱开始的地方等你,上映57天,351.1万,0.10万,<0.1%,123,<0.1%,0.2,0.2%
2024-11-10,山河故人,,3235.1万,0.10万,<0.1%,3,<0.1%,10.0,21.8%
2024-11-10,谁持彩练当空舞,,616.3万,0.09万,<0.1%,1,<0.1%,30.0,--
2024-11-10,超级的我,,1223.7万,0.07万,<0.1%,8,<0.1%,2.6,--
2024-11-10,野孩子,上映59天,2.41亿,0.06万,<0.1%,15,<0.1%,1.1,0.8%
2024-11-10,陌上花开,上映17天,8.4万,0.06万,<0.1%,12,<0.1%,1.7,3.7%
2024-11-10,新龙门客栈（舞台纪录电影·越剧）,上映73天,610.6万,0.05万,<0.1%,1,<0.1%,15.0,20.0%
2024-11-10,绑架游戏,上映30天,1615.6万,0.03万,<0.1%,61,<0.1%,0.2,0.5%
2024-11-10,密语者,上映72天,22.7万,0.03万,<0.1%,1,<0.1%,13.0,--
2024-11-10,永不消逝的电波（舞台纪录电影·舞剧）,,222.1万,0.03万,<0.1%,5,<0.1%,2.4,0.8%
2024-11-10,捉放曹,展映,3.4万,0.03万,<0.1%,1,<0.1%,9.0,9.3%
2024-11-10,神偷奶爸4,,4.23亿,0.02万,<0.1%,21,<0.1%,<0.1,--
2024-11-10,魔幻奇缘之宝石公主,,813.8万,0.02万,<0.1%,3,<0.1%,2.7,20.5%
2024-11-10,黑暗森林,,4.1万,0.01万,<0.1%,1,<0.1%,4.0,--
2024-11-10,我，就是风!,,1220.4万,0.01万,<0.1%,3,<0.1%,2.0,0.3%
2024-11-10,开国大典,,2.3万,0.01万,<0.1%,4,<0.1%,1.0,--
2024-11-10,清道夫,上映10天,3.0万,0.01万,<0.1%,9,<0.1%,0.2,0.3%
2024-11-10,重生,上映87天,4.64亿,0.00万,<0.1%,8,<0.1%,0.3,0.4%
2024-11-10,逆行人生,上映94天,3.59亿,0.00万,<0.1%,2,<0.1%,1.0,1.7%
2024-11-10,816,上映23天,80.0万,0.00万,<0.1%,65,<0.1%,<0.1,0.1%
2024-11-10,大圣降妖,上映57天,215.6万,0.00万,<0.1%,5,<0.1%,0.4,0.1%
2024-11-10,开国大典(上集),,94.2万,0.00万,<0.1%,1,<0.1%,2.0,1.7%
2024-11-10,车库,上映52天,67.8万,0.00万,<0.1%,3,<0.1%,0.7,0.7%
2024-11-10,流浪地球2：再次冒险,上映57天,54.8万,0.00万,<0.1%,3,<0.1%,0.3,--
2024-11-10,盐湖计划,上映19天,6.1万,0.00万,<0.1%,17,<0.1%,<0.1,0.1%
2024-11-10,忠爱无言2,,87.5万,0.00万,<0.1%,2,<0.1%,0.5,--
2024-11-10,默杀,,13.51亿,0万,<0.1%,2,<0.1%,0.0,--
2024-11-10,潜艇总动员：环游地球80天,,5261.5万,0万,<0.1%,3,<0.1%,0.0,--
2024-11-10,巧虎奇幻舞台历险记,,648.4万,0万,<0.1%,1,<0.1%,0.0,--
2024-11-10,志愿军：雄兵出击,,8.68亿,0万,<0.1%,4,<0.1%,0.0,--
2024-11-10,茶啊二中,,3.84亿,0万,<0.1%,2,<0.1%,0.0,--
2024-11-10,冲撞,上映17天,8.4万,0万,<0.1%,4,<0.1%,0.0,--
2024-11-10,头脑特工队,,9706.5万,0万,<0.1%,3,<0.1%,0.0,--
2024-11-10,森林飞侠,上映57天,40.4万,0万,<0.1%,2,<0.1%,0.0,--
2024-11-10,时光记忆,上映51天,6896,0万,<0.1%,1,<0.1%,0.0,--
2024-11-10,魔法精灵,,631.9万,0万,<0.1%,1,<0.1%,0.0,--
2024-11-10,古堡守灵人,,117.6万,0万,<0.1%,1,<0.1%,0.0,--
2024-11-10,功夫王之萌虎上山,,522.6万,0万,<0.1%,1,<0.1%,0.0,--
2024-11-10,流浪地球,,46.87亿,0万,<0.1%,2,<0.1%,0.0,--
2024-11-10,超级飞侠：乐迪加速,,7075.7万,0万,<0.1%,1,<0.1%,0.0,--
2024-11-10,一生交给党,,333.0万,0万,<0.1%,1,<0.1%,0.0,--
2024-11-10,我们的岁月,,1022.3万,0万,<0.1%,1,<0.1%,0.0,--
2024-11-10,恐龙飞车,,115.5万,0万,<0.1%,1,<0.1%,0.0,--
2024-11-10,汪汪队立大功大电影2：超能大冒险,,1.38亿,0万,<0.1%,5,<0.1%,0.0,--
2024-11-10,头脑特工队2,,3.44亿,0万,<0.1%,7,<0.1%,0.0,--
2024-11-10,流浪地球2,,40.43亿,0万,<0.1%,3,<0.1%,0.0,--
2024-11-10,古宅谜案,,点映,0万,<0.1%,1,<0.1%,0.0,--
2024-11-10,猪猪侠大电影·海洋日记,,2939.8万,0万,<0.1%,2,<0.1%,0.0,--
2024-11-10,新猪猪侠大电影·超级赛车,,5370.5万,0万,<0.1%,4,<0.1%,0.0,--
2024-11-10,从21世纪安全撤离,上映101天,1.12亿,0万,<0.1%,1,<0.1%,0.0,--
2024-11-10,银河宝贝,,107.5万,0万,<0.1%,1,<0.1%,0.0,--
2024-11-10,一雪前耻,上映57天,9385.6万,0万,<0.1%,1,<0.1%,0.0,--
2024-11-10,七十七天,,1.03亿,0万,<0.1%,1,<0.1%,0.0,--
2024-11-10,解密,上映100天,3.34亿,0万,<0.1%,8,<0.1%,0.0,--
2024-11-10,贝肯熊：火星任务,,8136.9万,0万,<0.1%,1,<0.1%,0.0,--
2024-11-10,疯狂大营救,,90.6万,0万,<0.1%,11,<0.1%,0.0,--
2024-11-10,富贵东西,,350.1万,0万,<0.1%,7,<0.1%,0.0,--
2024-11-10,哥斯拉大战金刚,,12.32亿,0万,<0.1%,1,<0.1%,0.0,--
2024-11-10,一千零一夜之拯救黄金城,,58.6万,0万,<0.1%,1,<0.1%,0.0,--
2024-11-10,打过长江去,,2245.8万,0万,<0.1%,12,<0.1%,0.0,--
2024-11-10,小茜当家,,6.1万,0万,<0.1%,1,<0.1%,0.0,--
2024-11-10,冰雪女王,,407.0万,0万,<0.1%,2,<0.1%,0.0,--
2024-11-10,熊出没·伴我“熊芯”,,14.95亿,0万,<0.1%,1,<0.1%,0.0,--
2024-11-10,熊出没·逆转时空,,19.84亿,0万,<0.1%,1,<0.1%,0.0,--
2024-11-10,海关战线,,1.29亿,0万,<0.1%,5,<0.1%,0.0,--
2024-11-10,少年先锋,,73.8万,0万,<0.1%,35,<0.1%,0.0,--
2024-11-10,王牌二哈,,311.5万,0万,<0.1%,9,<0.1%,0.0,--
2024-11-10,百变马丁：怪兽大作战,,817.0万,0万,<0.1%,1,<0.1%,0.0,--
2024-11-10,异形：夺命舰,上映87天,7.86亿,0万,<0.1%,3,<0.1%,0.0,--
2024-11-10,欢乐丛林之外星人大冒险,,389.6万,0万,<0.1%,1,<0.1%,0.0,--
2024-11-10,猴脸,上映75天,2.2万,0万,<0.1%,1,<0.1%,0.0,--
2024-11-10,疯狂小世界,,257.0万,0万,<0.1%,5,<0.1%,0.0,--
2024-11-10,边疆军魂,,42.8万,0万,<0.1%,1,<0.1%,0.0,--
2024-11-10,舒克贝塔·五角飞碟,,6607.2万,0万,<0.1%,1,<0.1%,0.0,--
2024-11-10,我的爸爸是国王,,1569.1万,0万,<0.1%,5,<0.1%,0.0,--
2024-11-10,疯狂梦幻城,,521.6万,0万,<0.1%,2,<0.1%,0.0,--
2024-11-10,阿里巴巴与神灯,,2223.5万,0万,<0.1%,1,<0.1%,0.0,--
2024-11-10,大场面,上映57天,1245.2万,0万,<0.1%,2,<0.1%,0.0,--
2024-11-10,我是霸王龙,,3542.3万,0万,<0.1%,2,<0.1%,0.0,--
2024-11-10,冰雪奇缘,,2.98亿,0万,<0.1%,1,<0.1%,0.0,--
2024-11-10,我是哪吒2之英雄归来,,1775.5万,0万,<0.1%,1,<0.1%,0.0,--
2024-11-10,这个杀手不太冷静,,26.27亿,0万,<0.1%,2,<0.1%,0.0,--
2024-11-10,申纪兰,,483.2万,0万,<0.1%,5,<0.1%,0.0,--
2024-11-10,两只小猪之勇闯神秘岛,,517.9万,0万,<0.1%,1,<0.1%,0.0,--
2024-11-10,中国机长,,29.13亿,0万,<0.1%,8,<0.1%,0.0,--
2024-11-10,太空熊猫总动员,,424.0万,0万,<0.1%,1,<0.1%,0.0,--
2024-11-10,范蠡献西施（戏曲 粤剧）,上映24天,6.0万,0万,<0.1%,1,<0.1%,0.0,--
2024-11-10,脐带,,169.8万,0万,<0.1%,3,<0.1%,0.0,--
2024-11-10,新大头儿子和小头爸爸2一日成才,,9039.8万,0万,<0.1%,2,<0.1%,0.0,--
2024-11-10,疯了！桂宝之三星夺宝,,1265.2万,0万,<0.1%,2,<0.1%,0.0,--
2024-11-10,草原大作战,,190.6万,0万,<0.1%,4,<0.1%,0.0,--
2024-11-10,雪域少年,,1059.6万,0万,<0.1%,1,<0.1%,0.0,--
2024-11-10,全员嫌疑人,上映57天,2171.7万,0万,<0.1%,2,<0.1%,0.0,--
2024-11-10,看不见的朋友,上映52天,72.9万,0万,<0.1%,1,<0.1%,0.0,--
2024-11-10,笨鸟大冒险,,636.3万,0万,<0.1%,7,<0.1%,0.0,--
2024-11-10,疯狂丑小鸭,,2344.1万,0万,<0.1%,1,<0.1%,0.0,--
2024-11-10,封神第一部,,26.34亿,0万,<0.1%,5,<0.1%,0.0,--
2024-11-10,狮子王,,8.33亿,0万,<0.1%,2,<0.1%,0.0,--
2024-11-10,喜羊羊与灰太狼之守护,,9123.4万,0万,<0.1%,12,<0.1%,0.0,--
2024-11-10,饮料超人,,100.1万,0万,<0.1%,1,<0.1%,0.0,--
2024-11-10,魔法鼠乐园,,422.9万,0万,<0.1%,2,<0.1%,0.0,--
2024-11-10,宇宙护卫队：风暴力量,,2013.2万,0万,<0.1%,2,<0.1%,0.0,--
2024-11-10,你是我的英雄,,1110.3万,0万,<0.1%,7,<0.1%,0.0,--
2024-11-10,潜艇总动员：寻龙,,3228.7万,0万,<0.1%,3,<0.1%,0.0,--
2024-11-10,爸爸是外星人,,505.5万,0万,<0.1%,1,<0.1%,0.0,--
2024-11-10,蛋宝大营救,上映65天,543.7万,0万,<0.1%,1,<0.1%,0.0,--
2024-11-10,金腰带,上映80天,114.8万,0万,<0.1%,1,<0.1%,0.0,--
2024-11-10,凯利和超级可乐,,56.2万,0万,<0.1%,2,<0.1%,0.0,--
2024-11-10,加菲猫家族,,1.84亿,0万,<0.1%,1,<0.1%,0.0,1.2%
2024-11-10,根本停不下来,展映,7.5万,0万,<0.1%,2,<0.1%,0.0,--
2024-11-10,棉花糖和云朵妈妈1宝贝芯计划,,1290.9万,0万,<0.1%,1,<0.1%,0.0,--
2024-11-10,极地大反攻,,399.1万,0万,<0.1%,1,<0.1%,0.0,--
2024-11-11,焚城,上映11天,1.86亿,624.66万,22.3%,52148,14.3%,2.9,2.2%
2024-11-11,那个不为人知的故事,上映3天,8612.5万,522.94万,18.7%,83346,22.9%,1.6,1.2%
2024-11-11,毒液：最后一舞,上映20天,5.96亿,517.57万,18.5%,58503,16.1%,2.2,1.5%
2024-11-11,鸳鸯楼·惊魂,上映12天,5387.5万,269.60万,9.6%,22376,6.1%,3.6,3.9%
2024-11-11,胜券在握,点映,876.1万,163.35万,5.8%,13937,3.8%,3.2,2.7%
2024-11-11,哈利·波特与凤凰社,,1.67亿,126.61万,4.5%,13188,3.6%,2.3,1.4%
2024-11-11,火影忍者剧场版：忍者之路,上映3天,2143.2万,123.81万,4.4%,33151,9.1%,1.0,0.9%
2024-11-11,红色一号：冬日行动,上映4天,1558.7万,109.61万,3.9%,22023,6.0%,1.3,1.0%
2024-11-11,志愿军：存亡之战,上映43天,11.86亿,72.23万,2.5%,7987,2.2%,2.3,2.3%
2024-11-11,乔妍的心事,上映17天,1.47亿,62.33万,2.2%,12951,3.5%,1.2,1.3%
2024-11-11,最后的里程,上映3天,501.2万,36.47万,1.3%,8085,2.2%,1.1,1.1%
2024-11-11,这个杀手不太冷,上映11天,1515.1万,23.70万,0.8%,2636,0.7%,2.3,2.3%
2024-11-11,蓦然回首,上映17天,5049.0万,19.83万,0.7%,4634,1.2%,1.1,1.0%
2024-11-11,爱你很久很久,上映11天,1871.4万,18.13万,0.6%,3779,1.0%,1.3,1.4%
2024-11-11,哈利·波特与火焰杯,,1.27亿,17.84万,0.6%,1853,0.5%,2.4,2.0%
2024-11-11,熊猫计划,上映42天,3.03亿,9.42万,0.3%,3896,1.0%,0.8,0.8%
2024-11-11,女人世界,上映7天,92.7万,8.30万,0.2%,3564,0.9%,0.6,0.6%
2024-11-11,与你相遇的日子,上映46天,874.0万,6.11万,0.2%,25,<0.1%,55.6,41.6%
2024-11-11,哈利·波特与阿兹卡班的囚徒,,8063.0万,5.64万,0.2%,694,0.1%,2.0,1.9%
2024-11-11,海绵宝宝：拯救比奇堡,上映25天,2717.4万,5.27万,0.1%,2656,0.7%,0.6,0.5%
2024-11-11,老枪,上映11天,497.4万,4.95万,0.1%,1331,0.3%,1.0,1.2%
2024-11-11,2024江苏无锡法国电影展,上映11天,8.4万,4.16万,0.1%,2,<0.1%,306.0,--
2024-11-11,伟大征程,上映12天,19.0万,3.53万,0.1%,1488,0.4%,0.5,0.2%
2024-11-11,我谈的那场恋爱,点映,61.3万,3.35万,0.1%,12,<0.1%,82.4,52.7%
2024-11-11,只此青绿,上映42天,5114.3万,2.91万,0.1%,640,0.1%,1.1,1.1%
2024-11-11,里斯本丸沉没,上映67天,4486.1万,2.66万,<0.1%,214,<0.1%,3.8,3.6%
2024-11-11,夹缝之间,上映4天,63.1万,2.62万,<0.1%,2237,0.6%,0.3,0.3%
2024-11-11,开国将帅授衔1955,,854.4万,2.04万,<0.1%,33,<0.1%,17.4,--
2024-11-11,危机航线,上映43天,3.00亿,1.92万,<0.1%,835,0.2%,0.6,0.7%
2024-11-11,哈利·波特与密室,,9678.3万,1.54万,<0.1%,251,<0.1%,1.5,1.5%
2024-11-11,哈利·波特与魔法石,,3.23亿,1.26万,<0.1%,136,<0.1%,2.4,2.5%
2024-11-11,出走的决心,上映58天,1.23亿,1.20万,<0.1%,268,<0.1%,1.3,1.3%
2024-11-11,小丑2：双重妄想,上映27天,5396.2万,1.04万,<0.1%,316,<0.1%,0.8,1.0%
2024-11-11,变形金刚：起源,上映46天,1.51亿,1.02万,<0.1%,551,0.1%,0.5,0.5%
2024-11-11,门前宝地,上映53天,184.0万,1.02万,<0.1%,6,<0.1%,51.2,0.3%
2024-11-11,田园时代,上映31天,302.8万,0.67万,<0.1%,2,<0.1%,84.0,--
2024-11-11,云上的云,上映25天,1092.9万,0.65万,<0.1%,50,<0.1%,5.2,1.6%
2024-11-11,浴火之路,上映42天,4.61亿,0.64万,<0.1%,477,0.1%,0.3,0.4%
2024-11-11,749局,上映42天,3.75亿,0.63万,<0.1%,217,<0.1%,0.8,0.6%
2024-11-11,你是我的英雄,,1110.9万,0.53万,<0.1%,11,<0.1%,16.1,--
2024-11-11,名侦探柯南：百万美元的五棱星,上映88天,2.86亿,0.51万,<0.1%,62,<0.1%,1.7,1.5%
2024-11-11,单单,上映首日,1.3万,0.47万,<0.1%,68,<0.1%,1.8,2.3%
2024-11-11,一江清水,上映10天,7.6万,0.44万,<0.1%,38,<0.1%,3.6,--
2024-11-11,大突围,点映,52.0万,0.41万,<0.1%,33,<0.1%,3.5,2.6%
2024-11-11,我要当老师,,1304.5万,0.40万,<0.1%,4,<0.1%,31.8,65.7%
2024-11-11,浙南儿女英雄传之热血长虹,,99.6万,0.38万,<0.1%,1,<0.1%,110.0,15.8%
2024-11-11,开国大典,,2.7万,0.36万,<0.1%,3,<0.1%,30.0,35.5%
2024-11-11,康熙与路易十四,,214.1万,0.34万,<0.1%,2,<0.1%,42.5,5.6%
2024-11-11,永不消逝的电波（舞台纪录电影·舞剧）,,222.4万,0.34万,<0.1%,8,<0.1%,12.1,5.6%
2024-11-11,逆行人生,上映95天,3.59亿,0.34万,<0.1%,8,<0.1%,8.8,1.4%
2024-11-11,荒野机器人,上映53天,5145.7万,0.33万,<0.1%,119,<0.1%,0.7,0.8%
2024-11-11,姥姥的外孙,上映81天,1.26亿,0.30万,<0.1%,18,<0.1%,1.9,0.7%
2024-11-11,唐山大地震,,6.50亿,0.28万,<0.1%,492,0.1%,0.1,0.1%
2024-11-11,望道,,8201.3万,0.27万,<0.1%,4,<0.1%,19.8,22.5%
2024-11-11,密室逃脱,上映25天,417.3万,0.26万,<0.1%,112,<0.1%,0.8,1.0%
2024-11-11,野孩子,上映60天,2.41亿,0.18万,<0.1%,13,<0.1%,4.0,0.6%
2024-11-11,凤鸣飞天,上映13天,10.8万,0.18万,<0.1%,12,<0.1%,5.0,3.3%
2024-11-11,长征一家人,,12.8万,0.15万,<0.1%,1,<0.1%,50.0,--
2024-11-11,青年邓颖超,,141.9万,0.14万,<0.1%,3,<0.1%,23.3,--
2024-11-11,爱情神话,,2.60亿,0.13万,<0.1%,34,<0.1%,1.0,1.1%
2024-11-11,神偷奶爸4,,4.23亿,0.11万,<0.1%,4,<0.1%,4.0,4.0%
2024-11-11,新大头儿子和小头爸爸6：迷你大冒险,上映42天,2795.0万,0.11万,<0.1%,182,<0.1%,0.1,0.2%
2024-11-11,江南：在爱开始的地方等你,上映58天,351.2万,0.10万,<0.1%,132,<0.1%,0.2,0.2%
2024-11-11,信仰无敌,,84.6万,0.10万,<0.1%,1,<0.1%,40.0,48.3%
2024-11-11,猴脸,上映76天,2.3万,0.09万,<0.1%,3,<0.1%,10.0,30.0%
2024-11-11,俺的傻娘,上映28天,10.1万,0.08万,<0.1%,3,<0.1%,7.7,10.1%
2024-11-11,爆款好人,上映42天,2711.2万,0.07万,<0.1%,66,<0.1%,0.3,0.4%
2024-11-11,光之子,上映23天,15.0万,0.07万,<0.1%,14,<0.1%,1.1,1.2%
2024-11-11,奇妙萌可大电影,上映58天,1099.1万,0.07万,<0.1%,72,<0.1%,0.3,0.3%
2024-11-11,出发,,645.4万,0.06万,<0.1%,4,<0.1%,4.5,8.0%
2024-11-11,浪漫的断章,上映91天,16.8万,0.05万,<0.1%,1,<0.1%,9.0,50.0%
2024-11-11,“上海少女”的三十年,上映4天,3.0万,0.04万,<0.1%,6,<0.1%,2.0,3.4%
2024-11-11,清道夫,上映11天,3.1万,0.04万,<0.1%,15,<0.1%,0.9,--
2024-11-11,一竞到底,上映11天,54.2万,0.04万,<0.1%,81,<0.1%,0.1,0.2%
2024-11-11,绑架游戏,上映31天,1615.7万,0.03万,<0.1%,56,<0.1%,0.2,0.1%
2024-11-11,816,上映24天,80.1万,0.02万,<0.1%,76,<0.1%,0.1,0.2%
2024-11-11,爱情，到此为止,上映74天,174.5万,0.01万,<0.1%,2,<0.1%,1.0,1.4%
2024-11-11,重生,上映88天,4.64亿,0.01万,<0.1%,7,<0.1%,0.4,0.3%
2024-11-11,冲撞,上映18天,8.4万,0.01万,<0.1%,3,<0.1%,1.0,2.0%
2024-11-11,范蠡献西施（戏曲 粤剧）,上映25天,6.0万,0.00万,<0.1%,2,<0.1%,1.5,2.6%
2024-11-11,转生大作战,上映74天,315.6万,0.00万,<0.1%,1,<0.1%,1.0,--
2024-11-11,哆啦A梦：大雄的地球交响乐,,1.31亿,0.00万,<0.1%,1,<0.1%,3.0,2.5%
2024-11-11,盐湖计划,上映20天,6.1万,0.00万,<0.1%,17,<0.1%,0.2,0.2%
2024-11-11,车库,上映53天,67.8万,0.00万,<0.1%,3,<0.1%,0.7,0.7%
2024-11-11,流浪地球2：再次冒险,上映58天,54.8万,0.00万,<0.1%,3,<0.1%,0.3,--
2024-11-11,乡见未晚,上映60天,30.0万,0.00万,<0.1%,4,<0.1%,0.3,0.2%
2024-11-11,爱乐之城,,2.79亿,0.00万,<0.1%,1,<0.1%,1.0,--
2024-11-11,睿王与庄妃,,2.3万,0.00万,<0.1%,1,<0.1%,1.0,1.4%
2024-11-11,我的爷爷,上映53天,253.7万,0.00万,<0.1%,2,<0.1%,0.5,0.7%
2024-11-11,音乐课,上映28天,30.4万,0.00万,<0.1%,4,<0.1%,0.3,--
2024-11-11,忠爱无言2,,87.5万,0.00万,<0.1%,2,<0.1%,0.5,--
2024-11-11,走走停停,,1.02亿,0万,<0.1%,1,<0.1%,0.0,--
2024-11-11,一代人师严修,上映63天,10.2万,0万,<0.1%,1,<0.1%,0.0,--
2024-11-11,陌上花开,上映18天,8.4万,0万,<0.1%,9,<0.1%,0.0,--
2024-11-11,我，就是风!,,1220.4万,0万,<0.1%,2,<0.1%,0.0,--
2024-11-11,森林飞侠,上映58天,40.4万,0万,<0.1%,1,<0.1%,0.0,--
2024-11-11,时光记忆,上映52天,6896,0万,<0.1%,1,<0.1%,0.0,--
2024-11-11,毒液：致命守护者,,18.70亿,0万,<0.1%,1,<0.1%,0.0,--
2024-11-11,叶问2：宗师传奇,,2.30亿,0万,<0.1%,1,<0.1%,0.0,--
2024-11-11,申纪兰,,483.2万,0万,<0.1%,3,<0.1%,0.0,--
2024-11-11,这个杀手不太冷静,,26.27亿,0万,<0.1%,3,<0.1%,0.0,--
2024-11-11,宇宙探索编辑部,,6723.1万,0万,<0.1%,1,<0.1%,0.0,--
2024-11-11,航海王：红发歌姬,,1.85亿,0万,<0.1%,1,<0.1%,0.0,--
2024-11-11,流浪地球,,46.87亿,0万,<0.1%,2,<0.1%,0.0,--
2024-11-11,一生交给党,,333.0万,0万,<0.1%,1,<0.1%,0.0,--
2024-11-11,我们的岁月,,1022.3万,0万,<0.1%,1,<0.1%,0.0,--
2024-11-11,踢出个未来,上映45天,128.9万,0万,<0.1%,1,<0.1%,0.0,--
2024-11-11,脐带,,169.8万,0万,<0.1%,1,<0.1%,0.0,--
2024-11-11,搞定岳父大人,,1748.9万,0万,<0.1%,1,<0.1%,0.0,--
2024-11-11,流浪地球2,,40.43亿,0万,<0.1%,2,<0.1%,0.0,--
2024-11-11,白夜书店,上映46天,1151,0万,<0.1%,1,<0.1%,0.0,--
2024-11-11,从21世纪安全撤离,,1.12亿,0万,<0.1%,1,<0.1%,0.0,--
2024-11-11,锦衣卫,,1.40亿,0万,<0.1%,1,<0.1%,0.0,--
2024-11-11,大圣降妖,上映58天,215.6万,0万,<0.1%,2,<0.1%,0.0,--
2024-11-11,一雪前耻,上映58天,9385.6万,0万,<0.1%,1,<0.1%,0.0,--
2024-11-11,孤注一掷,,38.49亿,0万,<0.1%,1,<0.1%,0.0,--
2024-11-11,解密,上映101天,3.34亿,0万,<0.1%,8,<0.1%,0.0,--
2024-11-11,天慕,,1066.2万,0万,<0.1%,1,<0.1%,0.0,--
2024-11-11,申纪兰,展映,5.1万,0万,<0.1%,1,<0.1%,0.0,--
2024-11-11,燃烧的巴黎圣母院,,99.7万,0万,<0.1%,2,<0.1%,0.0,--
2024-11-11,全员嫌疑人,上映58天,2171.7万,0万,<0.1%,1,<0.1%,0.0,--
2024-11-11,看不见的朋友,上映53天,72.9万,0万,<0.1%,1,<0.1%,0.0,--
2024-11-11,富贵东西,,350.1万,0万,<0.1%,8,<0.1%,0.0,--
2024-11-11,白昼如焚,上映48天,6.2万,0万,<0.1%,1,<0.1%,0.0,--
2024-11-11,魔幻奇缘之宝石公主,,813.8万,0万,<0.1%,1,<0.1%,0.0,--
2024-11-11,八角笼中,,22.07亿,0万,<0.1%,1,<0.1%,0.0,--
2024-11-11,爸爸是外星人,,505.5万,0万,<0.1%,1,<0.1%,0.0,--
2024-11-11,金腰带,上映81天,114.8万,0万,<0.1%,1,<0.1%,0.0,--
2024-11-11,超级的我,,1223.7万,0万,<0.1%,8,<0.1%,0.0,--
2024-11-11,天龙押运,,,0万,<0.1%,2,<0.1%,0.0,--
2024-11-11,好东西,点映,179.4万,0万,<0.1%,15,<0.1%,0.0,2.5%
2024-11-11,祝你幸福！,上映58天,6008.5万,0万,<0.1%,9,<0.1%,0.0,--
2024-11-11,堡垒,,281.7万,0万,<0.1%,2,<0.1%,0.0,--
2024-11-11,疯狂小世界,,257.0万,0万,<0.1%,1,<0.1%,0.0,--
2024-11-11,沉默高原,上映25天,5.3万,0万,<0.1%,1,<0.1%,0.0,--
2024-11-12,焚城,上映12天,1.92亿,609.51万,23.3%,53959,15.0%,2.8,2.1%
2024-11-12,毒液：最后一舞,上映21天,6.01亿,478.53万,18.3%,59313,16.5%,2.0,1.4%
2024-11-12,那个不为人知的故事,上映4天,8999.1万,386.60万,14.8%,76141,21.2%,1.3,1.0%
2024-11-12,鸳鸯楼·惊魂,上映13天,5652.4万,264.90万,10.1%,24593,6.8%,3.2,3.4%
2024-11-12,胜券在握,点映,1079.8万,203.73万,7.8%,16277,4.5%,3.4,2.9%
2024-11-12,哈利·波特与凤凰社,,1.68亿,110.58万,4.2%,12769,3.5%,2.1,1.3%
2024-11-12,志愿军：存亡之战,上映44天,11.87亿,100.41万,3.8%,8641,2.4%,2.9,3.1%
2024-11-12,红色一号：冬日行动,上映5天,1658.9万,100.26万,3.8%,20820,5.8%,1.2,1.0%
2024-11-12,火影忍者剧场版：忍者之路,上映4天,2224.3万,81.10万,3.1%,30151,8.4%,0.7,0.7%
2024-11-12,乔妍的心事,上映18天,1.47亿,62.59万,2.3%,13583,3.7%,1.2,1.2%
2024-11-12,最后的里程,上映4天,532.1万,30.90万,1.1%,7458,2.0%,1.0,1.0%
2024-11-12,这个杀手不太冷,上映12天,1537.3万,22.21万,0.8%,2837,0.7%,2.0,2.0%
2024-11-12,蓦然回首,上映18天,5067.3万,18.31万,0.7%,4729,1.3%,1.0,0.9%
2024-11-12,爱你很久很久,上映12天,1888.6万,17.28万,0.6%,3716,1.0%,1.3,1.4%
2024-11-12,哈利·波特与火焰杯,,1.27亿,16.82万,0.6%,1921,0.5%,2.2,1.8%
2024-11-12,熊猫计划,上映43天,3.03亿,8.62万,0.3%,4009,1.1%,0.7,0.7%
2024-11-12,今年二十二,点映,7.7万,7.70万,0.2%,6,<0.1%,146.7,60.1%
2024-11-12,女人世界,上映8天,99.6万,6.81万,0.2%,2405,0.6%,0.7,0.6%
2024-11-12,与你相遇的日子,上映47天,880.4万,6.39万,0.2%,24,<0.1%,59.1,43.2%
2024-11-12,老枪,上映12天,503.5万,6.09万,0.2%,1266,0.3%,1.4,1.6%
2024-11-12,哈利·波特与阿兹卡班的囚徒,,8068.5万,5.48万,0.2%,702,0.1%,1.9,1.7%
2024-11-12,2024江苏无锡法国电影展,上映12天,13.2万,4.81万,0.1%,2,<0.1%,354.5,--
2024-11-12,里斯本丸沉没,上映68天,4490.4万,4.34万,0.1%,220,<0.1%,5.9,5.7%
2024-11-12,只此青绿,上映43天,5118.5万,4.20万,0.1%,675,0.1%,1.5,1.1%
2024-11-12,伟大征程,上映13天,22.6万,3.65万,0.1%,1612,0.4%,0.5,0.2%
2024-11-12,海绵宝宝：拯救比奇堡,上映26天,2721.0万,3.64万,0.1%,2506,0.7%,0.4,0.4%
2024-11-12,苍穹,展映,2807.4万,2.63万,0.1%,6,<0.1%,109.7,--
2024-11-12,夹缝之间,上映5天,65.4万,2.28万,<0.1%,2012,0.5%,0.3,0.3%
2024-11-12,地球脉动：极境生存,,299.9万,2.25万,<0.1%,2,<0.1%,375.0,--
2024-11-12,危机航线,上映44天,3.00亿,2.21万,<0.1%,907,0.2%,0.6,0.7%
2024-11-12,沉默高原,上映26天,7.2万,1.92万,<0.1%,8,<0.1%,80.0,48.8%
2024-11-12,开国将帅授衔1955,,856.1万,1.73万,<0.1%,33,<0.1%,14.8,--
2024-11-12,浴火之路,上映43天,4.61亿,1.68万,<0.1%,512,0.1%,0.7,0.4%
2024-11-12,大突围,点映,53.6万,1.60万,<0.1%,45,<0.1%,10.2,4.1%
2024-11-12,我，就是风!,,1222.0万,1.56万,<0.1%,5,<0.1%,104.0,--
2024-11-12,哈利·波特与密室,,9679.8万,1.49万,<0.1%,260,<0.1%,1.5,1.5%
2024-11-12,门前宝地,上映54天,185.4万,1.31万,<0.1%,5,<0.1%,77.2,--
2024-11-12,小丑2：双重妄想,上映28天,5397.5万,1.29万,<0.1%,355,<0.1%,0.8,0.9%
2024-11-12,出走的决心,上映59天,1.23亿,1.14万,<0.1%,302,<0.1%,1.1,1.2%
2024-11-12,云上的云,上映26天,1094.0万,1.13万,<0.1%,52,<0.1%,8.7,2.4%
2024-11-12,清道夫,上映12天,4.1万,0.99万,<0.1%,15,<0.1%,18.8,14.5%
2024-11-12,变形金刚：起源,上映47天,1.51亿,0.98万,<0.1%,552,0.1%,0.5,0.4%
2024-11-12,哈利·波特与魔法石,,3.23亿,0.88万,<0.1%,151,<0.1%,1.5,1.3%
2024-11-12,你是我的英雄,,1111.5万,0.69万,<0.1%,10,<0.1%,23.1,10.6%
2024-11-12,冬天没有童话,,29.7万,0.54万,<0.1%,2,<0.1%,90.0,--
2024-11-12,周立波回清溪,,1056.2万,0.50万,<0.1%,2,<0.1%,101.5,2.3%
2024-11-12,749局,上映43天,3.75亿,0.47万,<0.1%,236,<0.1%,0.6,0.7%
2024-11-12,音乐课,上映29天,30.9万,0.45万,<0.1%,7,<0.1%,32.7,--
2024-11-12,浙南儿女英雄传之热血长虹,,100.1万,0.42万,<0.1%,1,<0.1%,120.0,18.8%
2024-11-12,邓小平小道,,2742.3万,0.38万,<0.1%,1,<0.1%,77.0,56.6%
2024-11-12,一江清水,上映11天,7.9万,0.36万,<0.1%,38,<0.1%,2.8,--
2024-11-12,康熙与路易十四,,214.5万,0.33万,<0.1%,2,<0.1%,41.5,4.5%
2024-11-12,名侦探柯南：百万美元的五棱星,上映89天,2.86亿,0.33万,<0.1%,74,<0.1%,1.1,1.2%
2024-11-12,逆行人生,上映96天,3.59亿,0.29万,<0.1%,8,<0.1%,9.1,9.4%
2024-11-12,816,上映25天,80.3万,0.29万,<0.1%,65,<0.1%,1.5,--
2024-11-12,江南：在爱开始的地方等你,上映59天,351.5万,0.29万,<0.1%,136,<0.1%,0.6,0.3%
2024-11-12,“上海少女”的三十年,上映5天,3.3万,0.28万,<0.1%,6,<0.1%,8.8,19.7%
2024-11-12,荒野机器人,上映54天,5146.0万,0.27万,<0.1%,125,<0.1%,0.6,0.7%
2024-11-12,草原的夏天,,13.3万,0.27万,<0.1%,1,<0.1%,90.0,--
2024-11-12,非洲：塞伦盖蒂国家公园,,14.5万,0.27万,<0.1%,1,<0.1%,90.0,--
2024-11-12,荧屏奇遇,,13.8万,0.27万,<0.1%,1,<0.1%,90.0,--
2024-11-12,唐山大地震,,6.50亿,0.23万,<0.1%,479,0.1%,0.1,0.1%
2024-11-12,姥姥的外孙,上映82天,1.26亿,0.22万,<0.1%,20,<0.1%,1.9,2.5%
2024-11-12,凤鸣飞天,上映14天,11.0万,0.21万,<0.1%,15,<0.1%,4.7,3.6%
2024-11-12,奇妙萌可大电影,上映59天,1099.3万,0.20万,<0.1%,59,<0.1%,1.5,0.3%
2024-11-12,一代人师严修,上映64天,10.4万,0.18万,<0.1%,2,<0.1%,23.5,--
2024-11-12,新龙门客栈（舞台纪录电影·越剧）,上映75天,610.8万,0.18万,<0.1%,1,<0.1%,62.0,82.0%
2024-11-12,青年邓颖超,,142.1万,0.17万,<0.1%,3,<0.1%,29.0,8.6%
2024-11-12,开国宴风云,上映54天,52.7万,0.17万,<0.1%,1,<0.1%,38.0,18.2%
2024-11-12,爱情神话,,2.60亿,0.16万,<0.1%,39,<0.1%,1.1,1.2%
2024-11-12,熊猫盼盼,展映,51.5万,0.16万,<0.1%,1,<0.1%,55.0,--
2024-11-12,孤军,,3204.8万,0.16万,<0.1%,1,<0.1%,65.0,--
2024-11-12,范蠡献西施（戏曲 粤剧）,上映26天,6.1万,0.12万,<0.1%,3,<0.1%,16.7,--
2024-11-12,出发,,645.5万,0.10万,<0.1%,2,<0.1%,15.0,--
2024-11-12,望道,,8201.4万,0.10万,<0.1%,1,<0.1%,26.0,34.5%
2024-11-12,开国大典(上集),,94.3万,0.10万,<0.1%,2,<0.1%,11.5,9.5%
2024-11-12,边疆军魂,,42.9万,0.09万,<0.1%,1,<0.1%,49.0,--
2024-11-12,我的爷爷,上映54天,253.8万,0.09万,<0.1%,3,<0.1%,10.3,0.7%
2024-11-12,俺的傻娘,上映29天,10.2万,0.09万,<0.1%,3,<0.1%,8.7,--
2024-11-12,单单,上映2天,1.4万,0.08万,<0.1%,62,<0.1%,0.4,0.4%
2024-11-12,爆款好人,上映43天,2711.3万,0.07万,<0.1%,73,<0.1%,0.3,0.5%
2024-11-12,单声,,182.9万,0.07万,<0.1%,3,<0.1%,13.0,--
2024-11-12,新大头儿子和小头爸爸6：迷你大冒险,上映43天,2795.1万,0.07万,<0.1%,191,<0.1%,0.1,0.1%
2024-11-12,我要当老师,,1304.5万,0.06万,<0.1%,2,<0.1%,10.0,--
2024-11-12,密室逃脱,上映26天,417.3万,0.05万,<0.1%,118,<0.1%,0.2,0.2%
2024-11-12,永不消逝的电波（舞台纪录电影·舞剧）,,222.4万,0.05万,<0.1%,5,<0.1%,3.2,2.6%
2024-11-12,一竞到底,上映12天,54.3万,0.05万,<0.1%,77,<0.1%,0.2,0.3%
2024-11-12,陌上花开,上映19天,8.4万,0.04万,<0.1%,11,<0.1%,1.7,2.6%
2024-11-12,超级的我,,1223.7万,0.04万,<0.1%,8,<0.1%,1.8,--
2024-11-12,北极荒原,展映,170.1万,0.02万,<0.1%,1,<0.1%,6.0,1.7%
2024-11-12,好东西,点映,179.5万,0.02万,<0.1%,6,<0.1%,0.0,--
2024-11-12,盐湖计划,上映21天,6.1万,0.01万,<0.1%,21,<0.1%,0.2,0.3%
2024-11-12,光之子,上映24天,15.1万,0.01万,<0.1%,15,<0.1%,0.2,0.1%
2024-11-12,神偷奶爸4,,4.23亿,0.01万,<0.1%,1,<0.1%,4.0,2.5%
2024-11-12,祝你幸福！,上映59天,6008.5万,0.00万,<0.1%,12,<0.1%,0.2,0.2%
2024-11-12,流浪地球2：再次冒险,上映59天,54.9万,0.00万,<0.1%,2,<0.1%,1.0,1.2%
2024-11-12,志愿军：雄兵出击,,8.68亿,0.00万,<0.1%,3,<0.1%,0.7,0.3%
2024-11-12,开国大典,,2.7万,0.00万,<0.1%,4,<0.1%,0.5,0.3%
2024-11-12,加菲猫家族,,1.84亿,0.00万,<0.1%,2,<0.1%,1.5,2.5%
2024-11-12,车库,上映54天,67.8万,0.00万,<0.1%,3,<0.1%,0.7,0.7%
2024-11-12,转生大作战,上映75天,315.6万,0.00万,<0.1%,1,<0.1%,1.0,0.5%
2024-11-12,忠爱无言2,,87.5万,0.00万,<0.1%,3,<0.1%,0.3,--
2024-11-12,我谈的那场恋爱,点映,61.3万,0.00万,<0.1%,4,<0.1%,0.0,--
2024-11-12,绑架游戏,上映32天,1615.7万,0万,<0.1%,18,<0.1%,0.0,0.2%
2024-11-12,罗小黑战记,,3.15亿,0万,<0.1%,2,<0.1%,0.0,--
2024-11-12,潜艇总动员5：时光宝盒,,4705.7万,0万,<0.1%,2,<0.1%,0.0,--
2024-11-12,冲撞,上映19天,8.4万,0万,<0.1%,4,<0.1%,0.0,--
2024-11-12,抓娃娃,,33.27亿,0万,<0.1%,2,<0.1%,0.0,--
2024-11-12,森林飞侠,上映59天,40.4万,0万,<0.1%,2,<0.1%,0.0,--
2024-11-12,时光记忆,上映53天,6896,0万,<0.1%,1,<0.1%,0.0,--
2024-11-12,毒液：致命守护者,,18.70亿,0万,<0.1%,1,<0.1%,0.0,--
2024-11-12,叶问2：宗师传奇,,2.30亿,0万,<0.1%,1,<0.1%,0.0,--
2024-11-12,申纪兰,,483.2万,0万,<0.1%,3,<0.1%,0.0,--
2024-11-12,这个杀手不太冷静,,26.27亿,0万,<0.1%,3,<0.1%,0.0,--
2024-11-12,宇宙探索编辑部,,6723.1万,0万,<0.1%,1,<0.1%,0.0,--
2024-11-12,航海王：红发歌姬,,1.85亿,0万,<0.1%,1,<0.1%,0.0,--
2024-11-12,流浪地球,,46.87亿,0万,<0.1%,2,<0.1%,0.0,--
2024-11-12,一生交给党,,333.0万,0万,<0.1%,1,<0.1%,0.0,--
2024-11-12,我们的岁月,,1022.3万,0万,<0.1%,1,<0.1%,0.0,--
2024-11-12,踢出个未来,上映46天,128.9万,0万,<0.1%,1,<0.1%,0.0,--
2024-11-12,脐带,,169.8万,0万,<0.1%,1,<0.1%,0.0,--
2024-11-12,流浪地球2,,40.43亿,0万,<0.1%,2,<0.1%,0.0,--
2024-11-12,咱们的工会主席,,14.1万,0万,<0.1%,1,<0.1%,0.0,--
2024-11-12,从21世纪安全撤离,,1.12亿,0万,<0.1%,1,<0.1%,0.0,1.0%
2024-11-12,锦衣卫,,1.40亿,0万,<0.1%,1,<0.1%,0.0,--
2024-11-12,一雪前耻,上映59天,9385.6万,0万,<0.1%,2,<0.1%,0.0,--
2024-11-12,极速阻击,,1.0万,0万,<0.1%,1,<0.1%,0.0,--
2024-11-12,孤注一掷,,38.49亿,0万,<0.1%,1,<0.1%,0.0,--
2024-11-12,解密,,3.34亿,0万,<0.1%,8,<0.1%,0.0,--
2024-11-12,天慕,,1066.2万,0万,<0.1%,1,<0.1%,0.0,--
2024-11-12,申纪兰,展映,5.1万,0万,<0.1%,1,<0.1%,0.0,--
2024-11-12,开国大典(下集),,10.7万,0万,<0.1%,1,<0.1%,0.0,--
2024-11-12,燃烧的巴黎圣母院,,99.7万,0万,<0.1%,2,<0.1%,0.0,--
2024-11-12,全员嫌疑人,上映59天,2171.7万,0万,<0.1%,1,<0.1%,0.0,--
2024-11-12,疯狂大营救,,90.6万,0万,<0.1%,1,<0.1%,0.0,--
2024-11-12,看不见的朋友,上映54天,72.9万,0万,<0.1%,1,<0.1%,0.0,--
2024-11-12,富贵东西,,350.1万,0万,<0.1%,8,<0.1%,0.0,--
2024-11-12,冒牌监护人之寻宝闹翻天,,200.1万,0万,<0.1%,1,<0.1%,0.0,--
2024-11-12,乡见未晚,上映61天,30.0万,0万,<0.1%,4,<0.1%,0.0,--
2024-11-12,魔幻奇缘之宝石公主,,813.8万,0万,<0.1%,1,<0.1%,0.0,--
2024-11-12,八角笼中,,22.07亿,0万,<0.1%,2,<0.1%,0.0,--
2024-11-12,爸爸是外星人,,505.5万,0万,<0.1%,1,<0.1%,0.0,--
2024-11-12,金腰带,上映82天,114.8万,0万,<0.1%,1,<0.1%,0.0,--
2024-11-12,根本停不下来,展映,7.5万,0万,<0.1%,2,<0.1%,0.0,--
2024-11-12,堡垒,,281.7万,0万,<0.1%,1,<0.1%,0.0,--
2024-11-12,猴脸,上映77天,2.3万,0万,<0.1%,3,<0.1%,0.0,--
2024-11-12,重生,上映89天,4.64亿,0万,<0.1%,4,<0.1%,0.0,--
2024-11-13,焚城,上映13天,1.98亿,573.09万,22.3%,55473,15.5%,2.6,1.9%
2024-11-13,毒液：最后一舞,上映22天,6.05亿,451.75万,17.6%,59757,16.7%,1.8,1.3%
2024-11-13,那个不为人知的故事,上映5天,9335.0万,335.92万,13.1%,71788,20.1%,1.2,0.9%
2024-11-13,胜券在握,点映,1363.5万,283.70万,11.0%,17433,4.8%,4.3,3.7%
2024-11-13,鸳鸯楼·惊魂,上映14天,5912.8万,260.37万,10.1%,26445,7.4%,2.9,3.0%
2024-11-13,志愿军：存亡之战,上映45天,11.88亿,117.02万,4.5%,9227,2.5%,3.3,3.3%
2024-11-13,哈利·波特与凤凰社,,1.69亿,99.79万,3.8%,12455,3.4%,2.0,1.2%
2024-11-13,红色一号：冬日行动,上映6天,1747.2万,88.23万,3.4%,20030,5.6%,1.1,0.9%
2024-11-13,火影忍者剧场版：忍者之路,上映5天,2290.6万,66.35万,2.5%,28018,7.8%,0.6,0.6%
2024-11-13,乔妍的心事,上映19天,1.48亿,60.26万,2.3%,13967,3.9%,1.1,1.1%
2024-11-13,今年二十二,点映,39.5万,31.83万,1.2%,19,<0.1%,167.9,73.7%
2024-11-13,最后的里程,上映5天,559.5万,27.42万,1.0%,7010,1.9%,1.0,1.0%
2024-11-13,这个杀手不太冷,上映13天,1560.9万,23.59万,0.9%,2943,0.8%,2.0,2.0%
2024-11-13,蓦然回首,上映19天,5085.6万,18.31万,0.7%,4763,1.3%,1.0,0.9%
2024-11-13,哈利·波特与火焰杯,,1.27亿,14.68万,0.5%,1932,0.5%,1.9,1.6%
2024-11-13,爱你很久很久,上映13天,1902.0万,13.34万,0.5%,3731,1.0%,1.0,1.1%
2024-11-13,熊猫计划,上映44天,3.03亿,8.85万,0.3%,4177,1.1%,0.7,0.7%
2024-11-13,女人世界,上映9天,105.6万,6.07万,0.2%,1989,0.5%,0.8,0.7%
2024-11-13,哈利·波特与阿兹卡班的囚徒,,8073.9万,5.41万,0.2%,720,0.2%,1.8,1.6%
2024-11-13,与你相遇的日子,上映48天,885.5万,5.09万,0.1%,21,<0.1%,52.4,58.8%
2024-11-13,里斯本丸沉没,上映69天,4495.1万,4.62万,0.1%,235,<0.1%,6.0,4.2%
2024-11-13,伟大征程,上映14天,27.1万,4.51万,0.1%,1620,0.4%,0.6,0.3%
2024-11-13,老枪,上映13天,507.8万,4.24万,0.1%,1285,0.3%,0.9,1.1%
2024-11-13,大突围,点映,57.6万,3.94万,0.1%,53,<0.1%,21.5,5.9%
2024-11-13,只此青绿,上映44天,5122.3万,3.78万,0.1%,737,0.2%,1.2,1.2%
2024-11-13,海绵宝宝：拯救比奇堡,上映27天,2724.6万,3.60万,0.1%,2501,0.7%,0.4,0.4%
2024-11-13,金色少年,上映72天,21.9万,3.31万,0.1%,61,<0.1%,48.2,26.5%
2024-11-13,一生交给党,,336.2万,3.19万,0.1%,10,<0.1%,93.1,90.0%
2024-11-13,夹缝之间,上映6天,68.3万,2.91万,0.1%,2083,0.5%,0.4,0.4%
2024-11-13,苍穹,展映,2810.0万,2.57万,0.1%,6,<0.1%,107.3,--
2024-11-13,光之子,上映25天,17.4万,2.38万,<0.1%,18,<0.1%,42.9,28.0%
2024-11-13,2024江苏无锡法国电影展,上映13天,15.6万,2.37万,<0.1%,1,<0.1%,349.0,--
2024-11-13,危机航线,上映45天,3.00亿,2.32万,<0.1%,1021,0.2%,0.6,0.6%
2024-11-13,出走的决心,上映60天,1.23亿,2.06万,<0.1%,326,<0.1%,1.8,1.8%
2024-11-13,门前宝地,上映55天,187.1万,1.75万,<0.1%,6,<0.1%,76.2,--
2024-11-13,开国将帅授衔1955,,857.7万,1.56万,<0.1%,36,<0.1%,12.3,--
2024-11-13,哈利·波特与密室,,9681.1万,1.33万,<0.1%,266,<0.1%,1.3,1.3%
2024-11-13,小丑2：双重妄想,上映29天,5398.7万,1.21万,<0.1%,383,0.1%,0.8,0.9%
2024-11-13,哈利·波特与魔法石,,3.23亿,1.14万,<0.1%,154,<0.1%,1.9,1.7%
2024-11-13,新大头儿子和小头爸爸6：迷你大冒险,上映44天,2796.2万,1.12万,<0.1%,174,<0.1%,1.4,1.4%
2024-11-13,地球脉动：极境生存,,301.0万,1.12万,<0.1%,1,<0.1%,375.0,--
2024-11-13,云上的云,上映27天,1094.9万,0.91万,<0.1%,51,<0.1%,7.2,1.6%
2024-11-13,变形金刚：起源,上映48天,1.51亿,0.85万,<0.1%,592,0.1%,0.4,0.4%
2024-11-13,清道夫,上映13天,4.9万,0.83万,<0.1%,16,<0.1%,17.0,20.7%
2024-11-13,浴火之路,上映44天,4.61亿,0.71万,<0.1%,542,0.1%,0.4,0.3%
2024-11-13,你是我的英雄,,1112.3万,0.70万,<0.1%,17,<0.1%,13.8,1.0%
2024-11-13,冬天没有童话,,30.3万,0.66万,<0.1%,2,<0.1%,110.0,--
2024-11-13,749局,上映44天,3.75亿,0.51万,<0.1%,256,<0.1%,0.6,0.6%
2024-11-13,永不消逝的电波（舞台纪录电影·舞剧）,,222.9万,0.44万,<0.1%,6,<0.1%,17.5,20.0%
2024-11-13,青年邓颖超,,142.5万,0.42万,<0.1%,5,<0.1%,42.0,--
2024-11-13,断线之后,,20.8万,0.38万,<0.1%,2,<0.1%,84.0,--
2024-11-13,一江清水,上映12天,8.3万,0.36万,<0.1%,38,<0.1%,2.9,--
2024-11-13,名侦探柯南：百万美元的五棱星,上映90天,2.86亿,0.33万,<0.1%,69,<0.1%,1.4,1.6%
2024-11-13,非洲：塞伦盖蒂国家公园,,14.8万,0.33万,<0.1%,1,<0.1%,110.0,--
2024-11-13,熊猫盼盼,展映,51.8万,0.33万,<0.1%,1,<0.1%,110.0,--
2024-11-13,荧屏奇遇,,14.1万,0.33万,<0.1%,1,<0.1%,110.0,--
2024-11-13,草原的夏天,,13.7万,0.32万,<0.1%,1,<0.1%,107.0,--
2024-11-13,荒野机器人,上映55天,5146.3万,0.30万,<0.1%,140,<0.1%,0.6,0.7%
2024-11-13,孤军,,3205.1万,0.30万,<0.1%,2,<0.1%,60.0,45.2%
2024-11-13,凤鸣飞天,上映15天,11.3万,0.28万,<0.1%,14,<0.1%,6.7,5.9%
2024-11-13,出发,,645.8万,0.23万,<0.1%,3,<0.1%,22.0,3.6%
2024-11-13,爆款好人,上映44天,2711.6万,0.23万,<0.1%,76,<0.1%,0.8,0.6%
2024-11-13,逆行人生,上映97天,3.59亿,0.22万,<0.1%,7,<0.1%,7.9,11.9%
2024-11-13,单单,上映3天,1.6万,0.20万,<0.1%,68,<0.1%,0.9,1.2%
2024-11-13,唐山大地震,,6.50亿,0.19万,<0.1%,481,0.1%,0.1,0.1%
2024-11-13,邓小平小道,,2742.5万,0.17万,<0.1%,2,<0.1%,19.5,15.2%
2024-11-13,爱情神话,,2.60亿,0.16万,<0.1%,61,<0.1%,0.7,0.8%
2024-11-13,神偷奶爸4,,4.23亿,0.14万,<0.1%,2,<0.1%,10.0,4.9%
2024-11-13,范蠡献西施（戏曲 粤剧）,上映27天,6.2万,0.13万,<0.1%,3,<0.1%,18.0,1.6%
2024-11-13,“上海少女”的三十年,上映6天,3.4万,0.13万,<0.1%,6,<0.1%,5.5,7.8%
2024-11-13,江南：在爱开始的地方等你,上映60天,351.7万,0.12万,<0.1%,138,<0.1%,0.2,0.2%
2024-11-13,开国宴风云,上映55天,52.8万,0.11万,<0.1%,2,<0.1%,13.0,--
2024-11-13,密室逃脱,上映27天,417.4万,0.10万,<0.1%,122,<0.1%,0.3,0.2%
2024-11-13,单声,,183.0万,0.09万,<0.1%,2,<0.1%,23.0,17.0%
2024-11-13,边疆军魂,,43.0万,0.09万,<0.1%,3,<0.1%,14.0,--
2024-11-13,俺的傻娘,上映30天,10.2万,0.08万,<0.1%,3,<0.1%,8.0,--
2024-11-13,一竞到底,上映13天,54.4万,0.06万,<0.1%,77,<0.1%,0.2,0.3%
2024-11-13,猴脸,上映78天,2.4万,0.06万,<0.1%,3,<0.1%,6.7,9.1%
2024-11-13,黑暗森林,,4.2万,0.04万,<0.1%,1,<0.1%,10.0,--
2024-11-13,姥姥的外孙,上映83天,1.26亿,0.04万,<0.1%,22,<0.1%,0.5,0.7%
2024-11-13,流浪地球2：再次冒险,上映60天,54.9万,0.04万,<0.1%,3,<0.1%,4.7,0.8%
2024-11-13,奇妙萌可大电影,上映60天,1099.3万,0.04万,<0.1%,68,<0.1%,0.2,0.2%
2024-11-13,爱乐之城,,2.79亿,0.04万,<0.1%,1,<0.1%,17.0,22.0%
2024-11-13,洛神,,6.9万,0.03万,<0.1%,1,<0.1%,23.0,17.5%
2024-11-13,盐湖计划,上映22天,6.2万,0.03万,<0.1%,18,<0.1%,0.7,0.3%
2024-11-13,毛泽东在上海1924,,14.8万,0.02万,<0.1%,1,<0.1%,29.0,--
2024-11-13,阿莫阿依,,1331.0万,0.02万,<0.1%,1,<0.1%,10.0,39.2%
2024-11-13,超级的我,,1223.8万,0.01万,<0.1%,8,<0.1%,0.8,--
2024-11-13,816,上映26天,80.4万,0.01万,<0.1%,64,<0.1%,<0.1,0.1%
2024-11-13,望道,,8201.4万,0.01万,<0.1%,1,<0.1%,4.0,8.3%
2024-11-13,新龙门客栈（舞台纪录电影·越剧）,上映76天,610.8万,0.01万,<0.1%,1,<0.1%,3.0,2.5%
2024-11-13,祝你幸福！,上映60天,6008.5万,0.00万,<0.1%,14,<0.1%,0.1,0.2%
2024-11-13,追鱼,展映,4.9万,0.00万,<0.1%,1,<0.1%,7.0,4.6%
2024-11-13,陌上花开,上映20天,8.4万,0.00万,<0.1%,12,<0.1%,0.2,0.2%
2024-11-13,坂本龙一：杰作,,494.3万,0.00万,<0.1%,1,<0.1%,2.0,--
2024-11-13,北极荒原,展映,170.1万,0.00万,<0.1%,1,<0.1%,1.0,0.2%
2024-11-13,车库,上映55天,67.8万,0.00万,<0.1%,2,<0.1%,1.0,1.0%
2024-11-13,你的名字。,,7.13亿,0.00万,<0.1%,1,<0.1%,1.0,--
2024-11-13,我的爷爷,上映55天,253.8万,0.00万,<0.1%,2,<0.1%,0.5,0.7%
2024-11-13,音乐课,上映30天,30.9万,0.00万,<0.1%,3,<0.1%,0.3,--
2024-11-13,忠爱无言2,,87.5万,0.00万,<0.1%,2,<0.1%,0.5,--
2024-11-13,好东西,点映,179.5万,0.00万,<0.1%,3,<0.1%,0.0,--
2024-11-13,我要去远方,,125.0万,0万,<0.1%,1,<0.1%,0.0,--
2024-11-13,开国大典,,2.7万,0万,<0.1%,4,<0.1%,0.0,--
2024-11-13,绑架游戏,上映33天,1615.7万,0万,<0.1%,10,<0.1%,0.0,--
2024-11-13,一代人师严修,上映65天,10.4万,0万,<0.1%,1,<0.1%,0.0,--
2024-11-13,志愿军：雄兵出击,,8.68亿,0万,<0.1%,3,<0.1%,0.0,--
2024-11-13,我，就是风!,,1222.0万,0万,<0.1%,2,<0.1%,0.0,--
2024-11-13,来福大酒店,,5644.3万,0万,<0.1%,1,<0.1%,0.0,--
2024-11-13,冲撞,上映20天,8.4万,0万,<0.1%,5,<0.1%,0.0,--
2024-11-13,抗战中的文艺（舞台纪录电影·话剧）,,15.7万,0万,<0.1%,1,<0.1%,0.0,--
2024-11-13,森林飞侠,上映60天,40.4万,0万,<0.1%,1,<0.1%,0.0,--
2024-11-13,毒液：致命守护者,,18.70亿,0万,<0.1%,1,<0.1%,0.0,--
2024-11-13,这个杀手不太冷静,,26.27亿,0万,<0.1%,2,<0.1%,0.0,--
2024-11-13,申纪兰,,483.2万,0万,<0.1%,6,<0.1%,0.0,--
2024-11-13,宇宙探索编辑部,,6723.1万,0万,<0.1%,1,<0.1%,0.0,--
2024-11-13,航海王：红发歌姬,,1.85亿,0万,<0.1%,1,<0.1%,0.0,--
2024-11-13,雪豹和她的朋友们,,282.1万,0万,<0.1%,1,<0.1%,0.0,--
2024-11-13,流浪地球,,46.87亿,0万,<0.1%,3,<0.1%,0.0,--
2024-11-13,醒来2,,381.7万,0万,<0.1%,1,<0.1%,0.0,--
2024-11-13,我们的岁月,,1022.3万,0万,<0.1%,1,<0.1%,0.0,--
2024-11-13,脐带,,169.8万,0万,<0.1%,1,<0.1%,0.0,--
2024-11-13,流浪地球2,,40.43亿,0万,<0.1%,2,<0.1%,0.0,--
2024-11-13,古宅谜案,,点映,0万,<0.1%,2,<0.1%,0.0,--
2024-11-13,白夜书店,上映48天,1151,0万,<0.1%,1,<0.1%,0.0,--
2024-11-13,哈利·波特与混血王子,,1.56亿,0万,<0.1%,1,<0.1%,0.0,--
2024-11-13,从21世纪安全撤离,,1.12亿,0万,<0.1%,1,<0.1%,0.0,--
2024-11-13,一雪前耻,上映60天,9385.6万,0万,<0.1%,1,<0.1%,0.0,--
2024-11-13,孤注一掷,,38.49亿,0万,<0.1%,1,<0.1%,0.0,--
2024-11-13,我要当老师,,1304.5万,0万,<0.1%,2,<0.1%,0.0,--
2024-11-13,解密,,3.34亿,0万,<0.1%,8,<0.1%,0.0,--
2024-11-13,天慕,,1066.2万,0万,<0.1%,1,<0.1%,0.0,--
2024-11-13,康熙与路易十四,,214.5万,0万,<0.1%,3,<0.1%,0.0,--
2024-11-13,申纪兰,展映,5.1万,0万,<0.1%,1,<0.1%,0.0,--
2024-11-13,全员嫌疑人,上映60天,2171.7万,0万,<0.1%,1,<0.1%,0.0,--
2024-11-13,看不见的朋友,上映55天,72.9万,0万,<0.1%,1,<0.1%,0.0,--
2024-11-13,富贵东西,,350.1万,0万,<0.1%,8,<0.1%,0.0,--
2024-11-13,生死坚守,,94.2万,0万,<0.1%,1,<0.1%,0.0,--
2024-11-13,我谈的那场恋爱,点映,61.3万,0万,<0.1%,2,<0.1%,0.0,--
2024-11-13,谁持彩练当空舞,,616.3万,0万,<0.1%,2,<0.1%,0.0,--
2024-11-13,桃李无言,上映28天,30.0万,0万,<0.1%,1,<0.1%,0.0,--
2024-11-13,乡见未晚,上映62天,30.0万,0万,<0.1%,4,<0.1%,0.0,--
2024-11-13,魔幻奇缘之宝石公主,,813.8万,0万,<0.1%,1,<0.1%,0.0,--
2024-11-13,八角笼中,,22.07亿,0万,<0.1%,4,<0.1%,0.0,--
2024-11-13,爸爸是外星人,,505.5万,0万,<0.1%,1,<0.1%,0.0,--
2024-11-13,金腰带,上映83天,114.8万,0万,<0.1%,1,<0.1%,0.0,--
2024-11-13,根本停不下来,展映,7.5万,0万,<0.1%,1,<0.1%,0.0,--
2024-11-13,堡垒,,281.7万,0万,<0.1%,1,<0.1%,0.0,--
2024-11-13,名侦探柯南：黑铁的鱼影,,1.62亿,0万,<0.1%,1,<0.1%,0.0,--
2024-11-13,沉默高原,上映27天,7.2万,0万,<0.1%,1,<0.1%,0.0,--
2024-11-13,重生,上映90天,4.64亿,0万,<0.1%,6,<0.1%,0.0,--
2024-11-14,焚城,上映14天,2.04亿,537.29万,21.7%,56189,15.8%,2.4,1.7%
2024-11-14,毒液：最后一舞,上映23天,6.10亿,442.48万,17.9%,59902,16.9%,1.8,1.2%
2024-11-14,胜券在握,点映,1699.2万,335.71万,13.6%,18852,5.3%,4.8,4.1%
2024-11-14,那个不为人知的故事,上映6天,9598.5万,263.46万,10.6%,68499,19.3%,1.0,0.7%
2024-11-14,鸳鸯楼·惊魂,上映15天,6166.0万,253.17万,10.2%,27681,7.8%,2.7,2.8%
2024-11-14,志愿军：存亡之战,上映46天,11.90亿,126.68万,5.1%,9567,2.7%,3.4,3.5%
2024-11-14,哈利·波特与凤凰社,,1.70亿,90.78万,3.6%,12279,3.4%,1.8,1.1%
2024-11-14,红色一号：冬日行动,上映7天,1825.7万,78.49万,3.1%,19432,5.4%,1.0,0.8%
2024-11-14,乔妍的心事,上映20天,1.49亿,58.03万,2.3%,14046,3.9%,1.1,1.1%
2024-11-14,火影忍者剧场版：忍者之路,上映6天,2347.0万,56.32万,2.2%,26505,7.4%,0.6,0.5%
2024-11-14,今年二十二,点映,63.0万,23.50万,0.9%,9,<0.1%,243.3,93.6%
2024-11-14,最后的里程,上映6天,582.4万,22.90万,0.9%,6640,1.8%,0.9,0.8%
2024-11-14,这个杀手不太冷,上映14天,1582.9万,21.97万,0.8%,3073,0.8%,1.8,1.8%
2024-11-14,蓦然回首,上映20天,5102.0万,16.39万,0.6%,4787,1.3%,0.9,0.8%
2024-11-14,爱你很久很久,上映14天,1917.7万,15.67万,0.6%,3848,1.0%,1.1,1.2%
2024-11-14,哈利·波特与火焰杯,,1.27亿,14.19万,0.5%,1906,0.5%,1.8,1.5%
2024-11-14,熊猫计划,上映45天,3.03亿,9.90万,0.4%,4195,1.1%,0.8,0.8%
2024-11-14,女人世界,上映10天,112.8万,7.14万,0.2%,1874,0.5%,1.0,1.0%
2024-11-14,光之子,上映26天,23.0万,5.60万,0.2%,25,<0.1%,72.6,57.5%
2024-11-14,与你相遇的日子,上映49天,890.8万,5.30万,0.2%,21,<0.1%,54.7,53.9%
2024-11-14,里斯本丸沉没,上映70天,4500.3万,5.25万,0.2%,261,<0.1%,5.8,4.6%
2024-11-14,哈利·波特与阿兹卡班的囚徒,,8079.0万,5.11万,0.2%,734,0.2%,1.7,1.4%
2024-11-14,伟大征程,上映15天,31.1万,3.97万,0.1%,1635,0.4%,0.5,0.2%
2024-11-14,苍穹,展映,2813.8万,3.87万,0.1%,6,<0.1%,161.3,--
2024-11-14,哈利·波特与混血王子,,1.56亿,3.77万,0.1%,171,<0.1%,4.8,2.1%
2024-11-14,老枪,上映14天,511.5万,3.71万,0.1%,1423,0.4%,0.7,0.8%
2024-11-14,海绵宝宝：拯救比奇堡,上映28天,2728.2万,3.64万,0.1%,2463,0.6%,0.4,0.4%
2024-11-14,只此青绿,上映45天,5125.4万,3.15万,0.1%,748,0.2%,1.0,1.0%
2024-11-14,大突围,点映,60.1万,2.56万,0.1%,52,<0.1%,14.0,3.3%
2024-11-14,危机航线,上映46天,3.00亿,2.38万,<0.1%,1057,0.2%,0.6,0.6%
2024-11-14,你是我的英雄,,1114.3万,2.01万,<0.1%,29,<0.1%,23.2,2.7%
2024-11-14,夹缝之间,上映7天,70.3万,1.98万,<0.1%,1864,0.5%,0.3,0.3%
2024-11-14,门前宝地,上映56天,188.7万,1.62万,<0.1%,6,<0.1%,77.7,--
2024-11-14,清道夫,上映14天,6.5万,1.58万,<0.1%,15,<0.1%,30.1,0.1%
2024-11-14,哈利·波特与密室,,9682.6万,1.52万,<0.1%,266,<0.1%,1.3,1.4%
2024-11-14,小丑2：双重妄想,上映30天,5400.0万,1.36万,<0.1%,379,0.1%,0.8,0.8%
2024-11-14,哈利·波特与魔法石,,3.23亿,1.25万,<0.1%,164,<0.1%,1.8,1.6%
2024-11-14,出走的决心,上映61天,1.23亿,1.24万,<0.1%,329,<0.1%,1.1,1.3%
2024-11-14,新大头儿子和小头爸爸6：迷你大冒险,上映45天,2797.4万,1.12万,<0.1%,175,<0.1%,1.2,1.4%
2024-11-14,变形金刚：起源,上映49天,1.51亿,1.09万,<0.1%,569,0.1%,0.5,0.5%
2024-11-14,云上的云,上映28天,1095.8万,0.83万,<0.1%,57,<0.1%,5.5,4.3%
2024-11-14,单声,,183.8万,0.81万,<0.1%,6,<0.1%,67.7,--
2024-11-14,开国将帅授衔1955,,858.5万,0.80万,<0.1%,19,<0.1%,11.7,--
2024-11-14,浴火之路,上映45天,4.61亿,0.75万,<0.1%,546,0.1%,0.4,0.3%
2024-11-14,冬天没有童话,,31.0万,0.66万,<0.1%,2,<0.1%,110.0,--
2024-11-14,一生交给党,,336.8万,0.57万,<0.1%,12,<0.1%,10.3,49.4%
2024-11-14,边疆军魂,,43.6万,0.54万,<0.1%,5,<0.1%,54.6,44.0%
2024-11-14,唤醒者,,519.7万,0.50万,<0.1%,4,<0.1%,48.0,--
2024-11-14,开国宴风云,上映56天,53.3万,0.46万,<0.1%,2,<0.1%,62.5,43.8%
2024-11-14,749局,上映45天,3.75亿,0.44万,<0.1%,256,<0.1%,0.5,0.6%
2024-11-14,开国大典(上集),,94.8万,0.43万,<0.1%,3,<0.1%,32.3,32.8%
2024-11-14,康熙与路易十四,,214.9万,0.42万,<0.1%,3,<0.1%,35.3,9.0%
2024-11-14,逆行人生,上映98天,3.59亿,0.38万,<0.1%,6,<0.1%,13.8,9.3%
2024-11-14,荒野机器人,上映56天,5146.7万,0.35万,<0.1%,137,<0.1%,0.6,0.7%
2024-11-14,草原的夏天,,14.0万,0.33万,<0.1%,1,<0.1%,110.0,--
2024-11-14,非洲：塞伦盖蒂国家公园,,15.2万,0.33万,<0.1%,1,<0.1%,110.0,--
2024-11-14,熊猫盼盼,展映,52.1万,0.33万,<0.1%,1,<0.1%,110.0,--
2024-11-14,凤鸣飞天,上映16天,11.6万,0.30万,<0.1%,12,<0.1%,8.3,4.9%
2024-11-14,荧屏奇遇,,14.4万,0.29万,<0.1%,1,<0.1%,97.0,--
2024-11-14,唐山大地震,,6.50亿,0.28万,<0.1%,480,0.1%,0.1,0.1%
2024-11-14,永不消逝的电波（舞台纪录电影·舞剧）,,223.2万,0.27万,<0.1%,8,<0.1%,10.3,2.4%
2024-11-14,一江清水,上映13天,8.5万,0.27万,<0.1%,38,<0.1%,2.1,--
2024-11-14,长征一家人,,13.0万,0.26万,<0.1%,1,<0.1%,53.0,31.6%
2024-11-14,爆款好人,上映45天,2711.8万,0.26万,<0.1%,78,<0.1%,0.9,0.5%
2024-11-14,爱情神话,,2.60亿,0.25万,<0.1%,53,<0.1%,1.4,1.6%
2024-11-14,邓小平小道,,2742.8万,0.25万,<0.1%,1,<0.1%,51.0,37.5%
2024-11-14,出发,,646.0万,0.22万,<0.1%,3,<0.1%,21.3,12.8%
2024-11-14,我要当老师,,1304.7万,0.19万,<0.1%,1,<0.1%,55.0,--
2024-11-14,青年邓颖超,,142.7万,0.19万,<0.1%,3,<0.1%,31.7,--
2024-11-14,名侦探柯南：百万美元的五棱星,上映91天,2.86亿,0.18万,<0.1%,71,<0.1%,0.8,0.8%
2024-11-14,古宅谜案,零点场,1777,0.17万,<0.1%,22,<0.1%,2.4,2.2%
2024-11-14,反腐枪声,,11.3万,0.17万,<0.1%,2,<0.1%,42.5,--
2024-11-14,巡察,,13.0万,0.17万,<0.1%,2,<0.1%,42.5,86.2%
2024-11-14,小倩,点映,49.6万,0.16万,<0.1%,7,<0.1%,7.1,6.0%
2024-11-14,谁持彩练当空舞,,616.4万,0.14万,<0.1%,3,<0.1%,16.0,25.7%
2024-11-14,沉默高原,上映28天,7.4万,0.14万,<0.1%,2,<0.1%,15.0,--
2024-11-14,密室逃脱,上映28天,417.6万,0.13万,<0.1%,131,<0.1%,0.3,0.3%
2024-11-14,范蠡献西施（戏曲 粤剧）,上映28天,6.4万,0.12万,<0.1%,3,<0.1%,16.7,27.1%
2024-11-14,开国大典,,2.8万,0.12万,<0.1%,5,<0.1%,6.2,10.3%
2024-11-14,根据地,,193.0万,0.12万,<0.1%,1,<0.1%,60.0,--
2024-11-14,断线之后,,20.9万,0.11万,<0.1%,1,<0.1%,59.0,--
2024-11-14,江南：在爱开始的地方等你,上映61天,351.8万,0.11万,<0.1%,135,<0.1%,0.2,0.2%
2024-11-14,富贵东西,,350.2万,0.10万,<0.1%,9,<0.1%,2.8,--
2024-11-14,桃李无言,上映29天,30.1万,0.10万,<0.1%,1,<0.1%,40.0,4.6%
2024-11-14,阿莫阿依,,1331.1万,0.09万,<0.1%,1,<0.1%,38.0,--
2024-11-14,俺的傻娘,上映31天,10.3万,0.09万,<0.1%,3,<0.1%,8.7,7.0%
2024-11-14,“上海少女”的三十年,上映7天,3.5万,0.08万,<0.1%,5,<0.1%,3.0,3.3%
2024-11-14,一竞到底,上映14天,54.4万,0.07万,<0.1%,70,<0.1%,0.3,0.4%
2024-11-14,坂本龙一：杰作,,494.4万,0.06万,<0.1%,3,<0.1%,8.7,7.7%
2024-11-14,816,上映27天,80.4万,0.05万,<0.1%,66,<0.1%,0.3,0.6%
2024-11-14,奇妙萌可大电影,上映61天,1099.4万,0.05万,<0.1%,64,<0.1%,0.3,0.3%
2024-11-14,单单,上映4天,1.6万,0.05万,<0.1%,61,<0.1%,0.3,0.3%
2024-11-14,姥姥的外孙,上映84天,1.26亿,0.03万,<0.1%,17,<0.1%,0.6,0.9%
2024-11-14,山河故人,,3235.2万,0.03万,<0.1%,1,<0.1%,6.0,85.1%
2024-11-14,猴脸,上映79天,2.4万,0.03万,<0.1%,3,<0.1%,3.3,9.0%
2024-11-14,北极荒原,展映,170.1万,0.02万,<0.1%,1,<0.1%,5.0,1.4%
2024-11-14,超级的我,,1223.8万,0.01万,<0.1%,8,<0.1%,0.8,--
2024-11-14,盐湖计划,上映23天,6.2万,0.01万,<0.1%,17,<0.1%,0.5,--
2024-11-14,渼陂,上映79天,57.9万,0.01万,<0.1%,1,<0.1%,4.0,1.5%
2024-11-14,重生,上映91天,4.64亿,0.01万,<0.1%,7,<0.1%,0.4,0.2%
2024-11-14,新龙门客栈（舞台纪录电影·越剧）,上映77天,610.8万,0.00万,<0.1%,1,<0.1%,3.0,3.8%
2024-11-14,流浪地球2：再次冒险,上映61天,54.9万,0.00万,<0.1%,2,<0.1%,1.0,1.2%
2024-11-14,祝你幸福！,上映61天,6008.5万,0.00万,<0.1%,7,<0.1%,0.1,0.1%
2024-11-14,车库,上映56天,67.8万,0.00万,<0.1%,2,<0.1%,1.0,1.0%
2024-11-14,我的爷爷,上映56天,253.8万,0.00万,<0.1%,1,<0.1%,1.0,0.7%
2024-11-14,音乐课,上映31天,30.9万,0.00万,<0.1%,4,<0.1%,0.3,--
2024-11-14,忠爱无言2,,87.5万,0.00万,<0.1%,2,<0.1%,0.5,--
2024-11-14,八子,,2076.4万,0.00万,<0.1%,1,<0.1%,0.0,--
2024-11-14,好东西,点映,179.5万,0.00万,<0.1%,3,<0.1%,0.0,--
2024-11-14,我要去远方,,125.0万,0万,<0.1%,2,<0.1%,0.0,--
2024-11-14,走走停停,,1.02亿,0万,<0.1%,2,<0.1%,0.0,--
2024-11-14,绑架游戏,上映34天,1615.7万,0万,<0.1%,9,<0.1%,0.0,--
2024-11-14,志愿军：雄兵出击,,8.68亿,0万,<0.1%,3,<0.1%,0.0,--
2024-11-14,陪你在全世界长大,,131.3万,0万,<0.1%,1,<0.1%,0.0,--
2024-11-14,陌上花开,上映21天,8.4万,0万,<0.1%,12,<0.1%,0.0,--
2024-11-14,我，就是风!,,1222.0万,0万,<0.1%,1,<0.1%,0.0,--
2024-11-14,冲撞,上映21天,8.4万,0万,<0.1%,6,<0.1%,0.0,--
2024-11-14,兴安岭上,,,0万,<0.1%,1,<0.1%,0.0,--
2024-11-14,森林飞侠,上映61天,40.4万,0万,<0.1%,2,<0.1%,0.0,--
2024-11-14,毒液：致命守护者,,18.70亿,0万,<0.1%,1,<0.1%,0.0,--
2024-11-14,这个杀手不太冷静,,26.27亿,0万,<0.1%,2,<0.1%,0.0,--
2024-11-14,申纪兰,,483.2万,0万,<0.1%,5,<0.1%,0.0,--
2024-11-14,宇宙探索编辑部,,6723.1万,0万,<0.1%,1,<0.1%,0.0,--
2024-11-14,航海王：红发歌姬,,1.85亿,0万,<0.1%,1,<0.1%,0.0,--
2024-11-14,流浪地球,,46.87亿,0万,<0.1%,2,<0.1%,0.0,--
2024-11-14,醒来2,,381.7万,0万,<0.1%,1,<0.1%,0.0,--
2024-11-14,脐带,,169.8万,0万,<0.1%,1,<0.1%,0.0,--
2024-11-14,流浪地球2,,40.43亿,0万,<0.1%,2,<0.1%,0.0,--
2024-11-14,西瓜队,,4730,0万,<0.1%,1,<0.1%,0.0,--
2024-11-14,白夜书店,上映49天,1151,0万,<0.1%,1,<0.1%,0.0,--
2024-11-14,从21世纪安全撤离,,1.12亿,0万,<0.1%,1,<0.1%,0.0,--
2024-11-14,大圣降妖,上映61天,215.6万,0万,<0.1%,2,<0.1%,0.0,--
2024-11-14,一雪前耻,上映61天,9385.6万,0万,<0.1%,1,<0.1%,0.0,--
2024-11-14,孤注一掷,,38.49亿,0万,<0.1%,1,<0.1%,0.0,--
2024-11-14,解密,,3.34亿,0万,<0.1%,8,<0.1%,0.0,--
2024-11-14,天慕,,1066.2万,0万,<0.1%,1,<0.1%,0.0,--
2024-11-14,申纪兰,展映,5.1万,0万,<0.1%,1,<0.1%,0.0,--
2024-11-14,全员嫌疑人,上映61天,2171.7万,0万,<0.1%,1,<0.1%,0.0,--
2024-11-14,看不见的朋友,上映56天,72.9万,0万,<0.1%,1,<0.1%,0.0,--
2024-11-14,生死坚守,,94.2万,0万,<0.1%,1,<0.1%,0.0,--
2024-11-14,封神第一部,,26.34亿,0万,<0.1%,1,<0.1%,0.0,--
2024-11-14,我谈的那场恋爱,点映,61.3万,0万,<0.1%,2,<0.1%,0.0,2.3%
2024-11-14,喜羊羊与灰太狼之守护,,9123.4万,0万,<0.1%,1,<0.1%,0.0,--
2024-11-14,孤军,,3205.1万,0万,<0.1%,2,<0.1%,0.0,--
2024-11-14,乡见未晚,上映63天,30.0万,0万,<0.1%,4,<0.1%,0.0,--
2024-11-14,魔幻奇缘之宝石公主,,813.8万,0万,<0.1%,1,<0.1%,0.0,--
2024-11-14,八角笼中,,22.07亿,0万,<0.1%,2,<0.1%,0.0,--
2024-11-14,沙漏,,3006.0万,0万,<0.1%,1,<0.1%,0.0,--
2024-11-14,哆啦A梦：大雄的地球交响乐,,1.31亿,0万,<0.1%,1,<0.1%,0.0,--
2024-11-14,爸爸是外星人,,505.5万,0万,<0.1%,1,<0.1%,0.0,--
2024-11-14,根本停不下来,展映,7.5万,0万,<0.1%,1,<0.1%,0.0,--
2024-11-15,胜券在握,上映首日,2997.1万,1297.86万,27.1%,54451,14.9%,6.4,5.0%
2024-11-15,焚城,上映15天,2.10亿,660.87万,13.8%,49661,13.6%,3.3,2.4%
2024-11-15,毒液：最后一舞,上映24天,6.16亿,632.48万,13.2%,52210,14.3%,3.0,2.1%
2024-11-15,哈利·波特与混血王子,,1.61亿,532.51万,11.1%,15110,4.1%,8.4,4.8%
2024-11-15,鸳鸯楼·惊魂,上映16天,6554.8万,388.84万,8.1%,23611,6.4%,5.0,5.2%
2024-11-15,那个不为人知的故事,上映7天,9879.5万,281.04万,5.8%,44622,12.2%,1.6,1.3%
2024-11-15,志愿军：存亡之战,上映47天,11.92亿,189.77万,3.9%,8046,2.2%,6.1,6.4%
2024-11-15,海上钢琴师,,1.45亿,159.96万,3.3%,15901,4.3%,2.6,2.5%
2024-11-15,我谈的那场恋爱,上映首日,193.0万,131.71万,2.7%,29483,8.0%,1.2,1.1%
2024-11-15,火影忍者剧场版：忍者之路,上映7天,2420.4万,73.47万,1.5%,16498,4.5%,1.2,1.2%
2024-11-15,红色一号：冬日行动,上映8天,1879.7万,54.07万,1.1%,9085,2.4%,1.5,1.3%
2024-11-15,今年二十二,点映,105.7万,42.71万,0.8%,21,<0.1%,179.4,85.1%
2024-11-15,乔妍的心事,上映21天,1.49亿,38.26万,0.7%,8300,2.2%,1.2,1.2%
2024-11-15,哈利·波特与凤凰社,,1.70亿,36.54万,0.7%,2337,0.6%,3.9,2.9%
2024-11-15,完美的日子,上映首日,42.7万,28.49万,0.5%,801,0.2%,8.0,8.4%
2024-11-15,古宅谜案,上映首日,28.2万,28.06万,0.5%,6833,1.8%,1.2,1.2%
2024-11-15,蓦然回首,上映21天,5123.6万,21.63万,0.4%,3642,0.9%,1.6,1.4%
2024-11-15,熊猫计划,上映46天,3.03亿,16.98万,0.3%,3504,0.9%,1.5,1.8%
2024-11-15,这个杀手不太冷,上映15天,1599.9万,16.95万,0.3%,1848,0.5%,2.3,2.4%
2024-11-15,最后的里程,上映7天,596.2万,13.72万,0.2%,2332,0.6%,1.4,1.5%
2024-11-15,爱你很久很久,上映15天,1931.2万,13.51万,0.2%,2188,0.6%,1.7,1.8%
2024-11-15,海绵宝宝：拯救比奇堡,上映29天,2741.3万,13.05万,0.2%,3111,0.8%,1.2,1.2%
2024-11-15,哈利·波特与火焰杯,,1.27亿,9.76万,0.2%,662,0.1%,3.7,3.3%
2024-11-15,哈利·波特与阿兹卡班的囚徒,,8086.7万,7.63万,0.1%,378,0.1%,4.4,3.4%
2024-11-15,老枪,上映15天,518.6万,7.12万,0.1%,2025,0.5%,0.9,0.9%
2024-11-15,里斯本丸沉没,上映71天,4507.1万,6.80万,0.1%,208,<0.1%,9.8,7.7%
2024-11-15,与你相遇的日子,上映50天,896.5万,5.63万,0.1%,23,<0.1%,53.1,57.0%
2024-11-15,大突围,点映,64.7万,4.61万,<0.1%,65,<0.1%,20.1,7.4%
2024-11-15,只此青绿,上映46天,5129.9万,4.46万,<0.1%,521,0.1%,1.9,2.1%
2024-11-15,女人世界,上映11天,117.0万,4.20万,<0.1%,938,0.2%,1.1,1.0%
2024-11-15,你是我的英雄,,1118.1万,3.82万,<0.1%,42,<0.1%,30.4,7.6%
2024-11-15,苍穹,展映,2817.3万,3.42万,<0.1%,6,<0.1%,142.8,--
2024-11-15,伟大征程,上映16天,34.1万,3.00万,<0.1%,554,0.1%,1.3,0.9%
2024-11-15,变形金刚：起源,上映50天,1.51亿,2.79万,<0.1%,612,0.1%,1.1,1.2%
2024-11-15,狮子吼,上映49天,2.3万,2.10万,<0.1%,2,<0.1%,210.0,35.4%
2024-11-15,危机航线,上映47天,3.00亿,2.09万,<0.1%,625,0.1%,0.9,0.6%
2024-11-15,哈利·波特与魔法石,,3.23亿,2.03万,<0.1%,112,<0.1%,4.7,2.7%
2024-11-15,门前宝地,上映57天,190.6万,1.88万,<0.1%,6,<0.1%,78.7,--
2024-11-15,边疆军魂,,45.3万,1.69万,<0.1%,16,<0.1%,50.3,38.0%
2024-11-15,云上的云,上映29天,1097.4万,1.59万,<0.1%,46,<0.1%,13.5,6.2%
2024-11-15,阿莫阿依,,1332.6万,1.57万,<0.1%,10,<0.1%,62.3,30.0%
2024-11-15,新大头儿子和小头爸爸6：迷你大冒险,上映46天,2798.8万,1.45万,<0.1%,263,<0.1%,1.3,1.4%
2024-11-15,好东西,点映,180.9万,1.37万,<0.1%,8,<0.1%,38.3,28.5%
2024-11-15,哈利·波特与密室,,9683.9万,1.28万,<0.1%,145,<0.1%,2.2,2.3%
2024-11-15,开国将帅授衔1955,,859.6万,1.15万,<0.1%,24,<0.1%,13.4,--
2024-11-15,小丑2：双重妄想,上映31天,5401.1万,1.08万,<0.1%,238,<0.1%,1.1,1.1%
2024-11-15,荒野机器人,上映57天,5147.7万,1.07万,<0.1%,141,<0.1%,2.0,2.4%
2024-11-15,冬天没有童话,,31.9万,0.85万,<0.1%,2,<0.1%,143.0,--
2024-11-15,断线之后,,21.8万,0.85万,<0.1%,6,<0.1%,71.2,--
2024-11-15,单声,,184.6万,0.85万,<0.1%,9,<0.1%,47.2,28.6%
2024-11-15,青年邓颖超,,143.5万,0.81万,<0.1%,19,<0.1%,21.3,12.3%
2024-11-15,夹缝之间,上映8天,71.1万,0.76万,<0.1%,683,0.1%,0.3,0.3%
2024-11-15,名侦探柯南：百万美元的五棱星,上映92天,2.86亿,0.75万,<0.1%,61,<0.1%,3.0,3.3%
2024-11-15,八百矿工上井冈,,1117.7万,0.74万,<0.1%,3,<0.1%,99.7,--
2024-11-15,踢出个未来,上映49天,129.6万,0.67万,<0.1%,3,<0.1%,89.3,47.0%
2024-11-15,孤军,,3205.7万,0.60万,<0.1%,9,<0.1%,25.6,--
2024-11-15,爆款好人,上映46天,2712.4万,0.58万,<0.1%,59,<0.1%,2.8,3.6%
2024-11-15,浴火之路,上映46天,4.61亿,0.56万,<0.1%,327,<0.1%,0.5,0.4%
2024-11-15,小倩,点映,50.2万,0.56万,<0.1%,7,<0.1%,24.7,13.1%
2024-11-15,长安三万里,,18.24亿,0.53万,<0.1%,10,<0.1%,26.1,34.9%
2024-11-15,出走的决心,上映62天,1.23亿,0.51万,<0.1%,120,<0.1%,1.3,1.5%
2024-11-15,一江清水,上映14天,9.1万,0.50万,<0.1%,38,<0.1%,4.3,--
2024-11-15,开国宴风云,上映57天,53.8万,0.48万,<0.1%,7,<0.1%,21.4,24.9%
2024-11-15,一生交给党,,337.3万,0.47万,<0.1%,12,<0.1%,15.9,--
2024-11-15,749局,上映46天,3.75亿,0.43万,<0.1%,178,<0.1%,0.7,1.0%
2024-11-15,草原的夏天,,14.4万,0.42万,<0.1%,1,<0.1%,143.0,--
2024-11-15,非洲：塞伦盖蒂国家公园,,15.6万,0.42万,<0.1%,1,<0.1%,143.0,--
2024-11-15,熊猫盼盼,展映,52.6万,0.42万,<0.1%,1,<0.1%,143.0,--
2024-11-15,荧屏奇遇,,14.9万,0.42万,<0.1%,1,<0.1%,143.0,--
2024-11-15,凤鸣飞天,上映17天,12.0万,0.36万,<0.1%,12,<0.1%,10.3,8.7%
2024-11-15,我要当老师,,1305.1万,0.36万,<0.1%,4,<0.1%,30.0,54.3%
2024-11-15,泪光中的妈妈,,138.4万,0.36万,<0.1%,4,<0.1%,30.0,--
2024-11-15,清道夫,上映15天,6.8万,0.35万,<0.1%,10,<0.1%,10.1,--
2024-11-15,唤醒者,,520.1万,0.35万,<0.1%,5,<0.1%,28.2,--
2024-11-15,“上海少女”的三十年,上映8天,3.8万,0.33万,<0.1%,6,<0.1%,14.0,17.9%
2024-11-15,陌上花开,上映22天,8.8万,0.32万,<0.1%,12,<0.1%,9.1,10.2%
2024-11-15,唐山大地震,,6.50亿,0.31万,<0.1%,911,0.2%,<0.1,0.1%
2024-11-15,猎毒行动：终极对决,上映首日,3099,0.30万,<0.1%,44,<0.1%,2.3,3.0%
2024-11-15,反腐枪声,,11.6万,0.30万,<0.1%,3,<0.1%,45.0,53.1%
2024-11-15,巡察,,13.3万,0.30万,<0.1%,3,<0.1%,45.0,53.1%
2024-11-15,翦伯赞,,1.7万,0.25万,<0.1%,1,<0.1%,84.0,69.4%
2024-11-15,816,上映28天,80.7万,0.24万,<0.1%,17,<0.1%,3.6,0.0%
2024-11-15,禹城秘事,点映,12.9万,0.24万,<0.1%,1,<0.1%,80.0,--
2024-11-15,望道,,8201.7万,0.24万,<0.1%,1,<0.1%,60.0,--
2024-11-15,音乐课,上映32天,31.1万,0.22万,<0.1%,7,<0.1%,11.6,5.5%
2024-11-15,富贵东西,,350.4万,0.20万,<0.1%,7,<0.1%,7.1,--
2024-11-15,与孩子一同成长,上映67天,15.1万,0.20万,<0.1%,1,<0.1%,80.0,68.0%
2024-11-15,俺的傻娘,上映32天,10.5万,0.15万,<0.1%,3,<0.1%,14.3,--
2024-11-15,北极荒原,展映,170.3万,0.13万,<0.1%,1,<0.1%,32.0,9.7%
2024-11-15,开国大典,,3.0万,0.13万,<0.1%,4,<0.1%,8.5,11.4%
2024-11-15,范蠡献西施（戏曲 粤剧）,上映29天,6.5万,0.12万,<0.1%,3,<0.1%,16.7,0.4%
2024-11-15,密室逃脱,上映29天,417.7万,0.12万,<0.1%,65,<0.1%,0.6,0.8%
2024-11-15,申纪兰,,483.3万,0.11万,<0.1%,13,<0.1%,3.6,--
2024-11-15,奇妙萌可大电影,上映62天,1099.5万,0.10万,<0.1%,60,<0.1%,0.6,0.7%
2024-11-15,逆行人生,上映99天,3.59亿,0.09万,<0.1%,9,<0.1%,2.6,2.5%
2024-11-15,江南：在爱开始的地方等你,上映62天,351.9万,0.08万,<0.1%,133,<0.1%,0.2,0.2%
2024-11-15,冲撞,上映22天,8.5万,0.08万,<0.1%,4,<0.1%,5.8,18.7%
2024-11-15,一山之隔,,204.0万,0.08万,<0.1%,4,<0.1%,8.0,--
2024-11-15,余下都是春天,,41.1万,0.07万,<0.1%,1,<0.1%,39.0,--
2024-11-15,康熙与路易十四,,215.0万,0.07万,<0.1%,2,<0.1%,9.5,0.5%
2024-11-15,金色少年,上映74天,22.0万,0.07万,<0.1%,3,<0.1%,8.0,10.2%
2024-11-15,生死坚守,,94.3万,0.07万,<0.1%,2,<0.1%,17.5,48.1%
2024-11-15,盐湖计划,上映24天,6.2万,0.06万,<0.1%,11,<0.1%,0.7,1.1%
2024-11-15,抗战中的文艺（舞台纪录电影·话剧）,,15.8万,0.05万,<0.1%,2,<0.1%,11.5,--
2024-11-15,姥姥的外孙,上映85天,1.26亿,0.05万,<0.1%,14,<0.1%,1.0,1.2%
2024-11-15,爱情神话,,2.60亿,0.04万,<0.1%,21,<0.1%,0.6,0.6%
2024-11-15,爱乐之城,,2.79亿,0.03万,<0.1%,1,<0.1%,11.0,--
2024-11-15,光之子,上映27天,23.1万,0.03万,<0.1%,9,<0.1%,0.9,2.3%
2024-11-15,一竞到底,上映15天,54.5万,0.03万,<0.1%,34,<0.1%,0.3,0.6%
2024-11-15,永不消逝的电波（舞台纪录电影·舞剧）,,223.2万,0.02万,<0.1%,6,<0.1%,1.8,2.8%
2024-11-15,开国大典(上集),,94.8万,0.01万,<0.1%,1,<0.1%,5.0,--
2024-11-15,单单,上映5天,1.7万,0.01万,<0.1%,47,<0.1%,0.1,0.0%
2024-11-15,阿搭嫂（戏曲 高甲戏）,,6113,0.00万,<0.1%,19,<0.1%,0.2,0.2%
2024-11-15,超级的我,,1223.8万,0.00万,<0.1%,8,<0.1%,0.4,--
2024-11-15,带彩球的帐篷,,8.0万,0.00万,<0.1%,5,<0.1%,0.2,0.2%
2024-11-15,车库,上映57天,67.8万,0.00万,<0.1%,3,<0.1%,0.7,0.7%
2024-11-15,流浪地球2：再次冒险,上映62天,54.9万,0.00万,<0.1%,1,<0.1%,1.0,--
2024-11-15,戴假发的人,点映,33,0.00万,<0.1%,11,<0.1%,<0.1,0.1%
2024-11-15,魔幻奇缘之宝石公主,,813.8万,0.00万,<0.1%,1,<0.1%,1.0,2.5%
2024-11-15,忠爱无言2,,87.5万,0.00万,<0.1%,1,<0.1%,1.0,--
2024-11-15,我要去远方,,125.0万,0万,<0.1%,5,<0.1%,0.0,--
2024-11-15,绑架游戏,上映35天,1615.7万,0万,<0.1%,6,<0.1%,0.0,--
2024-11-15,走走停停,,1.02亿,0万,<0.1%,2,<0.1%,0.0,--
2024-11-15,默杀,,13.51亿,0万,<0.1%,1,<0.1%,0.0,--
2024-11-15,疯狂原始人2,,3.53亿,0万,<0.1%,1,<0.1%,0.0,--
2024-11-15,阿里巴巴与神灯,,2223.5万,0万,<0.1%,1,<0.1%,0.0,--
2024-11-15,志愿军：雄兵出击,,8.68亿,0万,<0.1%,5,<0.1%,0.0,--
2024-11-15,大场面,上映62天,1245.2万,0万,<0.1%,1,<0.1%,0.0,--
2024-11-15,青蛙王子历险记,,1121.0万,0万,<0.1%,1,<0.1%,0.0,--
2024-11-15,三湾改编,,5427.3万,0万,<0.1%,2,<0.1%,0.0,--
2024-11-15,谷魂,,43.2万,0万,<0.1%,2,<0.1%,0.0,--
2024-11-15,神偷奶爸4,,4.23亿,0万,<0.1%,4,<0.1%,0.0,--
2024-11-15,时光记忆,上映56天,6896,0万,<0.1%,1,<0.1%,0.0,--
2024-11-15,等儿的湿地,,1.3万,0万,<0.1%,1,<0.1%,0.0,--
2024-11-15,这个杀手不太冷静,,26.27亿,0万,<0.1%,3,<0.1%,0.0,--
2024-11-15,功夫王之萌虎上山,,522.6万,0万,<0.1%,1,<0.1%,0.0,--
2024-11-15,宇宙探索编辑部,,6723.1万,0万,<0.1%,1,<0.1%,0.0,--
2024-11-15,航海王：红发歌姬,,1.85亿,0万,<0.1%,1,<0.1%,0.0,--
2024-11-15,两只小猪之勇闯神秘岛,,517.9万,0万,<0.1%,2,<0.1%,0.0,--
2024-11-15,流浪地球,,46.87亿,0万,<0.1%,2,<0.1%,0.0,--
2024-11-15,熊出没·奇幻空间,,5.21亿,0万,<0.1%,1,<0.1%,0.0,--
2024-11-15,脐带,,169.8万,0万,<0.1%,1,<0.1%,0.0,--
2024-11-15,片警宝音,,25.0万,0万,<0.1%,2,<0.1%,0.0,--
2024-11-15,钢铁意志,,1.03亿,0万,<0.1%,1,<0.1%,0.0,--
2024-11-15,流浪地球2,,40.43亿,0万,<0.1%,3,<0.1%,0.0,--
2024-11-15,新大头儿子和小头爸爸2一日成才,,9039.8万,0万,<0.1%,1,<0.1%,0.0,--
2024-11-15,白夜书店,上映50天,1151,0万,<0.1%,1,<0.1%,0.0,--
2024-11-15,从21世纪安全撤离,,1.12亿,0万,<0.1%,1,<0.1%,0.0,--
2024-11-15,绝地重生,,1116.8万,0万,<0.1%,2,<0.1%,0.0,--
2024-11-15,黄埔军人,,37.8万,0万,<0.1%,1,<0.1%,0.0,--
2024-11-15,一雪前耻,上映62天,9385.6万,0万,<0.1%,2,<0.1%,0.0,--
2024-11-15,孤注一掷,,38.49亿,0万,<0.1%,1,<0.1%,0.0,--
2024-11-15,极速阻击,,1.0万,0万,<0.1%,1,<0.1%,0.0,--
2024-11-15,解密,,3.34亿,0万,<0.1%,8,<0.1%,0.0,--
2024-11-15,申纪兰,展映,5.1万,0万,<0.1%,1,<0.1%,0.0,--
2024-11-15,邓小平小道,,2742.8万,0万,<0.1%,1,<0.1%,0.0,--
2024-11-15,燃烧的巴黎圣母院,,99.7万,0万,<0.1%,2,<0.1%,0.0,--
2024-11-15,朱同在三年级丢失了超能力,,1515.8万,0万,<0.1%,2,<0.1%,0.0,--
2024-11-15,照明商店,,2.75亿,0万,<0.1%,1,<0.1%,0.0,--
2024-11-15,金龟子,,2782.2万,0万,<0.1%,1,<0.1%,0.0,--
2024-11-15,谁持彩练当空舞,,616.4万,0万,<0.1%,6,<0.1%,0.0,--
2024-11-15,桃李无言,上映30天,30.1万,0万,<0.1%,1,<0.1%,0.0,--
2024-11-15,白蛇传说,,1.78亿,0万,<0.1%,1,<0.1%,0.0,--
2024-11-15,乡见未晚,上映64天,30.0万,0万,<0.1%,3,<0.1%,0.0,--
2024-11-15,侏罗纪世界2,,16.95亿,0万,<0.1%,1,<0.1%,0.0,--
2024-11-15,八角笼中,,22.07亿,0万,<0.1%,1,<0.1%,0.0,--
2024-11-15,爸爸是外星人,,505.5万,0万,<0.1%,1,<0.1%,0.0,--
2024-11-15,加菲猫家族,,1.84亿,0万,<0.1%,4,<0.1%,0.0,--
2024-11-15,根本停不下来,展映,7.5万,0万,<0.1%,3,<0.1%,0.0,--
2024-11-15,祝你幸福！,上映62天,6008.5万,0万,<0.1%,1,<0.1%,0.0,--
2024-11-15,功夫熊猫3,,10.02亿,0万,<0.1%,1,<0.1%,0.0,--
2024-11-15,重生,上映92天,4.64亿,0万,<0.1%,6,<0.1%,0.0,--
2024-11-16,胜券在握,上映2天,5799.3万,2802.16万,27.0%,87782,21.0%,8.5,6.2%
2024-11-16,毒液：最后一舞,上映25天,6.32亿,1638.65万,15.8%,47964,11.4%,8.3,5.8%
2024-11-16,焚城,上映16天,2.23亿,1273.93万,12.3%,44241,10.5%,7.1,5.4%
2024-11-16,哈利·波特与混血王子,,1.70亿,909.17万,8.7%,14772,3.5%,14.6,8.2%
2024-11-16,鸳鸯楼·惊魂,上映17天,7419.6万,864.76万,8.3%,24859,5.9%,10.7,10.9%
2024-11-16,那个不为人知的故事,上映8天,1.03亿,508.56万,4.9%,34974,8.3%,3.8,3.5%
2024-11-16,好东西,点映,644.1万,463.22万,4.4%,16782,4.0%,6.3,5.3%
2024-11-16,火影忍者剧场版：忍者之路,上映8天,2698.4万,277.96万,2.6%,17390,4.1%,4.4,4.5%
2024-11-16,海上钢琴师,,1.47亿,213.44万,2.0%,13775,3.2%,4.0,4.0%
2024-11-16,戴假发的人,上映首日,209.5万,209.57万,2.0%,30322,7.2%,1.9,1.9%
2024-11-16,海绵宝宝：拯救比奇堡,上映30天,2933.8万,192.53万,1.8%,9807,2.3%,5.5,5.7%
2024-11-16,我谈的那场恋爱,上映2天,347.7万,154.72万,1.4%,33672,8.0%,1.2,1.2%
2024-11-16,志愿军：存亡之战,上映48天,11.93亿,108.00万,1.0%,4830,1.1%,5.8,6.1%
2024-11-16,哈利·波特与凤凰社,,1.71亿,102.34万,0.9%,1936,0.4%,12.7,9.6%
2024-11-16,熊猫计划,上映47天,3.04亿,81.72万,0.7%,4385,1.0%,5.9,6.3%
2024-11-16,红色一号：冬日行动,上映9天,1960.8万,81.02万,0.7%,4279,1.0%,4.6,4.2%
2024-11-16,蓦然回首,上映22天,5192.4万,68.79万,0.6%,3953,0.9%,4.7,4.4%
2024-11-16,乔妍的心事,上映22天,1.50亿,51.92万,0.5%,4227,1.0%,3.2,3.4%
2024-11-16,完美的日子,上映2天,78.8万,36.13万,0.3%,725,0.1%,10.4,10.0%
2024-11-16,哈利·波特与火焰杯,,1.27亿,33.22万,0.3%,597,0.1%,13.3,11.0%
2024-11-16,这个杀手不太冷,上映16天,1629.7万,29.88万,0.2%,1134,0.2%,6.7,6.9%
2024-11-16,变形金刚：起源,上映51天,1.51亿,27.97万,0.2%,1565,0.3%,4.7,5.1%
2024-11-16,古宅谜案,上映2天,54.0万,25.78万,0.2%,4821,1.1%,1.5,1.5%
2024-11-16,最后的里程,上映8天,621.7万,25.58万,0.2%,993,0.2%,6.0,6.6%
2024-11-16,哈利·波特与阿兹卡班的囚徒,,8103.0万,16.31万,0.1%,349,<0.1%,11.5,10.9%
2024-11-16,爱你很久很久,上映16天,1944.9万,13.67万,0.1%,1111,0.2%,3.5,4.0%
2024-11-16,老枪,上映16天,529.2万,10.63万,0.1%,1208,0.2%,2.2,2.4%
2024-11-16,荒野机器人,上映58天,5157.3万,9.61万,<0.1%,456,0.1%,5.5,6.2%
2024-11-16,蜡笔小新：我们的恐龙日记,点映,8.1万,8.13万,<0.1%,1,<0.1%,1355.0,--
2024-11-16,新大头儿子和小头爸爸6：迷你大冒险,上映47天,2806.2万,7.35万,<0.1%,915,0.2%,2.5,2.7%
2024-11-16,哈利·波特与魔法石,,3.24亿,7.11万,<0.1%,137,<0.1%,12.7,10.7%
2024-11-16,只此青绿,上映47天,5136.6万,6.73万,<0.1%,374,<0.1%,4.3,4.0%
2024-11-16,女人世界,上映12天,122.8万,5.83万,<0.1%,419,0.1%,3.3,3.4%
2024-11-16,与你相遇的日子,上映51天,902.3万,5.82万,<0.1%,19,<0.1%,65.4,51.8%
2024-11-16,哈利·波特与密室,,9689.6万,5.65万,<0.1%,175,<0.1%,7.8,8.4%
2024-11-16,苍穹,展映,2821.1万,3.86万,<0.1%,6,<0.1%,160.8,--
2024-11-16,风流一代,点映,3.7万,3.76万,<0.1%,7,<0.1%,131.6,88.2%
2024-11-16,里斯本丸沉没,上映72天,4510.5万,3.41万,<0.1%,137,<0.1%,7.4,8.0%
2024-11-16,奇妙萌可大电影,上映63天,1102.2万,2.71万,<0.1%,212,<0.1%,3.9,4.5%
2024-11-16,云上的云,上映30天,1100.0万,2.60万,<0.1%,41,<0.1%,25.4,18.5%
2024-11-16,门前宝地,上映58天,193.2万,2.55万,<0.1%,7,<0.1%,99.0,--
2024-11-16,大突围,点映,67.1万,2.33万,<0.1%,25,<0.1%,26.6,22.0%
2024-11-16,危机航线,上映48天,3.00亿,2.04万,<0.1%,274,<0.1%,2.0,1.9%
2024-11-16,密室逃脱,上映30天,419.7万,2.04万,<0.1%,66,<0.1%,8.2,1.8%
2024-11-16,踢出个未来,上映50天,131.3万,1.73万,<0.1%,12,<0.1%,56.7,28.5%
2024-11-16,冬天没有童话,,33.5万,1.62万,<0.1%,3,<0.1%,180.0,--
2024-11-16,美人鱼的夏天,点映,1.6万,1.60万,<0.1%,140,<0.1%,4.2,3.4%
2024-11-16,夹缝之间,上映9天,72.5万,1.40万,<0.1%,294,<0.1%,1.4,1.3%
2024-11-16,一江清水,上映15天,10.4万,1.38万,<0.1%,44,<0.1%,9.7,--
2024-11-16,小丑2：双重妄想,上映32天,5402.4万,1.29万,<0.1%,82,<0.1%,3.5,4.8%
2024-11-16,八百矿工上井冈,,1118.8万,1.02万,<0.1%,6,<0.1%,68.3,--
2024-11-16,小倩,点映,51.1万,0.92万,<0.1%,9,<0.1%,31.9,26.4%
2024-11-16,浴火之路,上映47天,4.61亿,0.91万,<0.1%,135,<0.1%,1.8,1.5%
2024-11-16,陌上花开,上映23天,9.6万,0.80万,<0.1%,12,<0.1%,16.7,--
2024-11-16,过春天,,1016.0万,0.75万,<0.1%,10,<0.1%,34.7,51.6%
2024-11-16,749局,上映47天,3.75亿,0.74万,<0.1%,121,<0.1%,1.9,2.4%
2024-11-16,流浪地球2,,40.43亿,0.73万,<0.1%,3,<0.1%,22.0,23.5%
2024-11-16,出走的决心,上映63天,1.23亿,0.66万,<0.1%,78,<0.1%,2.6,3.1%
2024-11-16,康熙与路易十四,,215.6万,0.61万,<0.1%,2,<0.1%,77.0,11.5%
2024-11-16,“上海少女”的三十年,上映9天,4.4万,0.56万,<0.1%,2,<0.1%,52.0,51.7%
2024-11-16,草原的夏天,,15.0万,0.54万,<0.1%,1,<0.1%,180.0,--
2024-11-16,非洲：塞伦盖蒂国家公园,,16.1万,0.54万,<0.1%,1,<0.1%,180.0,--
2024-11-16,荧屏奇遇,,15.4万,0.54万,<0.1%,1,<0.1%,180.0,--
2024-11-16,北极荒原,展映,170.8万,0.53万,<0.1%,1,<0.1%,125.0,36.7%
2024-11-16,又见奈良,,502.1万,0.51万,<0.1%,10,<0.1%,25.0,27.4%
2024-11-16,伟大征程,上映17天,34.6万,0.45万,<0.1%,96,<0.1%,1.6,1.0%
2024-11-16,爆款好人,上映47天,2712.8万,0.44万,<0.1%,33,<0.1%,3.8,1.3%
2024-11-16,戏,点映,3500,0.35万,<0.1%,1,<0.1%,140.0,--
2024-11-16,816,上映29天,81.0万,0.33万,<0.1%,3,<0.1%,36.7,--
2024-11-16,阿莫阿依,,1333.0万,0.32万,<0.1%,2,<0.1%,63.5,12.5%
2024-11-16,姥姥的外孙,上映86天,1.27亿,0.31万,<0.1%,17,<0.1%,4.8,5.8%
2024-11-16,凤鸣飞天,上映18天,12.3万,0.31万,<0.1%,8,<0.1%,13.1,7.0%
2024-11-16,永不消逝的电波（舞台纪录电影·舞剧）,,223.5万,0.30万,<0.1%,8,<0.1%,11.0,12.0%
2024-11-16,开国宴风云,上映58天,54.0万,0.28万,<0.1%,5,<0.1%,20.4,32.9%
2024-11-16,车库,上映58天,68.1万,0.26万,<0.1%,5,<0.1%,15.4,1.0%
2024-11-16,熊猫盼盼,展映,52.8万,0.24万,<0.1%,1,<0.1%,82.0,--
2024-11-16,我要当老师,,1305.3万,0.22万,<0.1%,2,<0.1%,37.0,--
2024-11-16,红高粱,,88.6万,0.20万,<0.1%,1,<0.1%,47.0,35.2%
2024-11-16,盗马贼,,6973,0.17万,<0.1%,1,<0.1%,39.0,28.6%
2024-11-16,江南：在爱开始的地方等你,上映63天,352.0万,0.16万,<0.1%,128,<0.1%,0.3,0.3%
2024-11-16,站直啰，别趴下,,1.9万,0.16万,<0.1%,1,<0.1%,37.0,27.2%
2024-11-16,爱情神话,,2.60亿,0.14万,<0.1%,8,<0.1%,6.6,10.0%
2024-11-16,泪光中的妈妈,,138.6万,0.13万,<0.1%,14,<0.1%,3.9,--
2024-11-16,范蠡献西施（戏曲 粤剧）,上映30天,6.6万,0.13万,<0.1%,3,<0.1%,17.3,20.8%
2024-11-16,乡见未晚,上映65天,30.1万,0.12万,<0.1%,2,<0.1%,25.0,23.4%
2024-11-16,翦伯赞,,1.8万,0.12万,<0.1%,1,<0.1%,40.0,59.6%
2024-11-16,幸福的模样,,37.4万,0.09万,<0.1%,1,<0.1%,30.0,--
2024-11-16,一生交给党,,337.3万,0.08万,<0.1%,3,<0.1%,7.0,27.3%
2024-11-16,音乐课,上映33天,31.2万,0.07万,<0.1%,8,<0.1%,2.6,1.9%
2024-11-16,孤军,,3205.8万,0.07万,<0.1%,1,<0.1%,31.0,--
2024-11-16,一山之隔,,204.1万,0.07万,<0.1%,2,<0.1%,15.0,--
2024-11-16,超级的我,,1223.9万,0.06万,<0.1%,8,<0.1%,2.1,--
2024-11-16,光之子,上映28天,23.1万,0.06万,<0.1%,11,<0.1%,1.5,2.3%
2024-11-16,一竞到底,上映16天,54.5万,0.05万,<0.1%,16,<0.1%,1.2,1.0%
2024-11-16,开国将帅授衔1955,,859.7万,0.04万,<0.1%,4,<0.1%,3.3,--
2024-11-16,爱乐之城,,2.79亿,0.03万,<0.1%,1,<0.1%,13.0,--
2024-11-16,猎毒行动：终极对决,上映2天,3453,0.03万,<0.1%,11,<0.1%,1.0,0.4%
2024-11-16,魔镜奇缘,,1597.5万,0.03万,<0.1%,1,<0.1%,8.0,14.2%
2024-11-16,青年邓颖超,,143.5万,0.03万,<0.1%,1,<0.1%,16.0,--
2024-11-16,唐山大地震,,6.50亿,0.03万,<0.1%,13,<0.1%,0.5,0.5%
2024-11-16,逆行人生,上映100天,3.59亿,0.02万,<0.1%,3,<0.1%,2.3,1.6%
2024-11-16,少年先锋,,73.8万,0.02万,<0.1%,1,<0.1%,9.0,--
2024-11-16,邓小平小道,,2742.8万,0.02万,<0.1%,1,<0.1%,7.0,6.3%
2024-11-16,朱同在三年级丢失了超能力,,1515.8万,0.02万,<0.1%,1,<0.1%,6.0,7.7%
2024-11-16,单单,上映6天,1.7万,0.01万,<0.1%,40,<0.1%,0.1,0.1%
2024-11-16,谯国夫人,,1411.7万,0.01万,<0.1%,1,<0.1%,4.0,6.6%
2024-11-16,两只小猪之勇闯神秘岛,,518.0万,0.01万,<0.1%,1,<0.1%,4.0,1.5%
2024-11-16,魔幻奇缘之宝石公主,,813.9万,0.01万,<0.1%,2,<0.1%,2.5,4.0%
2024-11-16,盐湖计划,上映25天,6.3万,0.01万,<0.1%,3,<0.1%,1.3,1.0%
2024-11-16,出发,,646.0万,0.01万,<0.1%,2,<0.1%,1.5,2.8%
2024-11-16,带彩球的帐篷,,8.0万,0.00万,<0.1%,7,<0.1%,0.1,0.1%
2024-11-16,大场面,上映63天,1245.2万,0.00万,<0.1%,1,<0.1%,1.0,1.0%
2024-11-16,青蛙王子历险记,,1121.0万,0.00万,<0.1%,2,<0.1%,1.5,1.6%
2024-11-16,忠爱无言2,,87.5万,0.00万,<0.1%,1,<0.1%,1.0,--
2024-11-16,桃李无言,上映31天,30.1万,0.00万,<0.1%,1,<0.1%,0.0,--
2024-11-16,侏罗纪世界3,,10.59亿,0万,<0.1%,1,<0.1%,0.0,--
2024-11-16,奇妙王国之魔法奇缘,,1002.5万,0万,<0.1%,2,<0.1%,0.0,--
2024-11-16,绑架游戏,上映36天,1615.7万,0万,<0.1%,19,<0.1%,0.0,--
2024-11-16,疯狂丑小鸭2靠谱英雄,,1002.3万,0万,<0.1%,1,<0.1%,0.0,--
2024-11-16,探探猫人鱼公主,,564.1万,0万,<0.1%,1,<0.1%,0.0,--
2024-11-16,默杀,,13.51亿,0万,<0.1%,1,<0.1%,0.0,--
2024-11-16,潜艇总动员：环游地球80天,,5261.5万,0万,<0.1%,4,<0.1%,0.0,--
2024-11-16,钢铁飞龙之奥特曼崛起,,4465.4万,0万,<0.1%,2,<0.1%,0.0,--
2024-11-16,角斗士2,,点映,0万,<0.1%,2,<0.1%,0.0,--
2024-11-16,巧虎奇幻舞台历险记,,648.4万,0万,<0.1%,1,<0.1%,0.0,--
2024-11-16,寻秘自然：地球往事,,149.3万,0万,<0.1%,1,<0.1%,0.0,--
2024-11-16,冲撞,上映23天,8.5万,0万,<0.1%,2,<0.1%,0.0,--
2024-11-16,长安三万里,,18.24亿,0万,<0.1%,1,<0.1%,0.0,--
2024-11-16,时光记忆,上映57天,6896,0万,<0.1%,1,<0.1%,0.0,--
2024-11-16,功夫王之萌虎上山,,522.6万,0万,<0.1%,4,<0.1%,0.0,--
2024-11-16,超级飞侠：乐迪加速,,7075.7万,0万,<0.1%,5,<0.1%,0.0,--
2024-11-16,流浪地球,,46.87亿,0万,<0.1%,2,<0.1%,0.0,--
2024-11-16,我们的岁月,,1022.3万,0万,<0.1%,1,<0.1%,0.0,--
2024-11-16,汪汪队立大功大电影2：超能大冒险,,1.38亿,0万,<0.1%,1,<0.1%,0.0,--
2024-11-16,恐龙飞车,,115.5万,0万,<0.1%,1,<0.1%,0.0,--
2024-11-16,头脑特工队2,,3.44亿,0万,<0.1%,13,<0.1%,0.0,--
2024-11-16,冰雪奇缘2,,8.60亿,0万,<0.1%,5,<0.1%,0.0,--
2024-11-16,熊出没·重返地球,,9.77亿,0万,<0.1%,5,<0.1%,0.0,--
2024-11-16,猪猪侠大电影·海洋日记,,2939.8万,0万,<0.1%,4,<0.1%,0.0,--
2024-11-16,新猪猪侠大电影·超级赛车,,5370.5万,0万,<0.1%,2,<0.1%,0.0,--
2024-11-16,从21世纪安全撤离,,1.12亿,0万,<0.1%,1,<0.1%,0.0,--
2024-11-16,银河宝贝,,107.5万,0万,<0.1%,4,<0.1%,0.0,--
2024-11-16,龙神之子,,200.6万,0万,<0.1%,1,<0.1%,0.0,--
2024-11-16,我的爷爷,上映58天,253.8万,0万,<0.1%,1,<0.1%,0.0,--
2024-11-16,孤注一掷,,38.49亿,0万,<0.1%,1,<0.1%,0.0,--
2024-11-16,七十七天,,1.03亿,0万,<0.1%,1,<0.1%,0.0,--
2024-11-16,解密,,3.34亿,0万,<0.1%,8,<0.1%,0.0,--
2024-11-16,疯狂大营救,,90.6万,0万,<0.1%,3,<0.1%,0.0,--
2024-11-16,哥斯拉大战金刚,,12.32亿,0万,<0.1%,6,<0.1%,0.0,--
2024-11-16,打过长江去,,2245.8万,0万,<0.1%,9,<0.1%,0.0,--
2024-11-16,大侦探皮卡丘,,6.40亿,0万,<0.1%,1,<0.1%,0.0,--
2024-11-16,冰雪女王,,407.0万,0万,<0.1%,1,<0.1%,0.0,--
2024-11-16,熊出没·伴我“熊芯”,,14.95亿,0万,<0.1%,2,<0.1%,0.0,--
2024-11-16,超级特战队,,38.1万,0万,<0.1%,1,<0.1%,0.0,--
2024-11-16,清道夫,上映16天,6.8万,0万,<0.1%,5,<0.1%,0.0,--
2024-11-16,王牌二哈,,311.5万,0万,<0.1%,7,<0.1%,0.0,--
2024-11-16,欢乐丛林之外星人大冒险,,389.6万,0万,<0.1%,3,<0.1%,0.0,--
2024-11-16,功夫熊猫3,,10.02亿,0万,<0.1%,2,<0.1%,0.0,--
2024-11-16,疯狂的麦克斯：狂暴女神,,6070.0万,0万,<0.1%,1,<0.1%,0.0,--
2024-11-16,阿狸,上映92天,345.7万,0万,<0.1%,1,<0.1%,0.0,--
2024-11-16,开心超人之英雄的心,,1657.0万,0万,<0.1%,9,<0.1%,0.0,--
2024-11-16,阿里巴巴与神灯,,2223.5万,0万,<0.1%,2,<0.1%,0.0,--
2024-11-16,潜艇总动员5：时光宝盒,,4705.7万,0万,<0.1%,2,<0.1%,0.0,--
2024-11-16,刺猬索尼克,,1994.1万,0万,<0.1%,4,<0.1%,0.0,--
2024-11-16,熊出没之熊心归来,,2.87亿,0万,<0.1%,2,<0.1%,0.0,--
2024-11-16,神偷奶爸4,,4.23亿,0万,<0.1%,15,<0.1%,0.0,--
2024-11-16,这个杀手不太冷静,,26.27亿,0万,<0.1%,1,<0.1%,0.0,--
2024-11-16,申纪兰,,483.3万,0万,<0.1%,2,<0.1%,0.0,--
2024-11-16,中国机长,,29.13亿,0万,<0.1%,5,<0.1%,0.0,--
2024-11-16,太空熊猫总动员,,424.0万,0万,<0.1%,8,<0.1%,0.0,--
2024-11-16,脐带,,169.8万,0万,<0.1%,3,<0.1%,0.0,--
2024-11-16,绿林大冒险,,890.8万,0万,<0.1%,1,<0.1%,0.0,--
2024-11-16,白蛇：浮生,上映99天,4.25亿,0万,<0.1%,1,<0.1%,0.0,--
2024-11-16,新大头儿子和小头爸爸2一日成才,,9039.8万,0万,<0.1%,1,<0.1%,0.0,--
2024-11-16,父子拳王,,30.4万,0万,<0.1%,2,<0.1%,0.0,--
2024-11-16,超级马力欧兄弟大电影,,1.71亿,0万,<0.1%,1,<0.1%,0.0,--
2024-11-16,草原大作战,,190.6万,0万,<0.1%,2,<0.1%,0.0,--
2024-11-16,名侦探柯南：百万美元的五棱星,上映93天,2.86亿,0万,<0.1%,9,<0.1%,0.0,--
2024-11-16,雪域少年,,1059.6万,0万,<0.1%,1,<0.1%,0.0,--
2024-11-16,田园时代,上映36天,302.8万,0万,<0.1%,7,<0.1%,0.0,--
2024-11-16,奇异世界历险记,,502.1万,0万,<0.1%,1,<0.1%,0.0,--
2024-11-16,魔镜奇缘2,,2063.0万,0万,<0.1%,3,<0.1%,0.0,--
2024-11-16,猫和老鼠,,1.04亿,0万,<0.1%,1,<0.1%,0.0,--
2024-11-16,笨鸟大冒险,,636.3万,0万,<0.1%,1,<0.1%,0.0,--
2024-11-16,看不见的朋友,上映58天,72.9万,0万,<0.1%,1,<0.1%,0.0,--
2024-11-16,生死坚守,,94.3万,0万,<0.1%,2,<0.1%,0.0,--
2024-11-16,疯狂丑小鸭,,2344.1万,0万,<0.1%,4,<0.1%,0.0,--
2024-11-16,封神第一部,,26.34亿,0万,<0.1%,7,<0.1%,0.0,--
2024-11-16,今年二十二,点映,105.7万,0万,<0.1%,1,<0.1%,0.0,--
2024-11-16,喜羊羊与灰太狼之守护,,9123.4万,0万,<0.1%,3,<0.1%,0.0,--
2024-11-16,饮料超人,,100.1万,0万,<0.1%,2,<0.1%,0.0,--
2024-11-16,胡柚娃,,49.4万,0万,<0.1%,1,<0.1%,0.0,--
2024-11-16,宇宙护卫队：风暴力量,,2013.2万,0万,<0.1%,3,<0.1%,0.0,--
2024-11-16,你是我的英雄,,1118.1万,0万,<0.1%,6,<0.1%,0.0,--
2024-11-16,潜艇总动员：寻龙,,3228.7万,0万,<0.1%,5,<0.1%,0.0,--
2024-11-16,爸爸是外星人,,505.5万,0万,<0.1%,1,<0.1%,0.0,--
2024-11-16,蛋宝大营救,上映71天,543.7万,0万,<0.1%,1,<0.1%,0.0,--
2024-11-16,金腰带,上映86天,114.8万,0万,<0.1%,2,<0.1%,0.0,--
2024-11-16,天龙押运,,,0万,<0.1%,1,<0.1%,0.0,--
2024-11-16,凯利和超级可乐,,56.2万,0万,<0.1%,1,<0.1%,0.0,--
2024-11-16,加菲猫家族,,1.84亿,0万,<0.1%,12,<0.1%,0.0,--
2024-11-16,根本停不下来,展映,7.5万,0万,<0.1%,4,<0.1%,0.0,--
2024-11-16,棉花糖和云朵妈妈1宝贝芯计划,,1290.9万,0万,<0.1%,1,<0.1%,0.0,--
2024-11-16,我和我的祖国,,31.70亿,0万,<0.1%,1,<0.1%,0.0,--
2024-11-16,极地大反攻,,399.1万,0万,<0.1%,1,<0.1%,0.0,--
2024-11-17,胜券在握,上映3天,8085.6万,2286.31万,28.8%,82989,20.6%,7.3,5.2%
2024-11-17,毒液：最后一舞,上映26天,6.44亿,1192.48万,15.0%,53499,13.2%,5.4,3.8%
2024-11-17,焚城,上映17天,2.33亿,971.93万,12.2%,46182,11.4%,5.1,3.9%
2024-11-17,哈利·波特与混血王子,,1.76亿,596.80万,7.5%,15341,3.8%,9.3,5.3%
2024-11-17,鸳鸯楼·惊魂,上映18天,7992.7万,573.06万,7.2%,31359,7.7%,5.5,5.5%
2024-11-17,好东西,点映,1148.9万,504.77万,6.3%,15507,3.8%,7.3,6.1%
2024-11-17,那个不为人知的故事,上映9天,1.07亿,312.67万,3.9%,33682,8.3%,2.4,2.2%
2024-11-17,海绵宝宝：拯救比奇堡,上映31天,3132.2万,198.32万,2.5%,11333,2.8%,4.9,5.0%
2024-11-17,火影忍者剧场版：忍者之路,上映9天,2882.7万,184.29万,2.3%,17493,4.3%,2.9,2.9%
2024-11-17,海上钢琴师,,1.49亿,161.62万,2.0%,10261,2.5%,4.1,4.0%
2024-11-17,戴假发的人,上映2天,315.2万,105.65万,1.3%,21069,5.2%,1.4,1.3%
2024-11-17,志愿军：存亡之战,上映49天,11.94亿,94.62万,1.1%,5663,1.4%,4.3,4.3%
2024-11-17,我谈的那场恋爱,上映3天,436.6万,88.90万,1.1%,17994,4.4%,1.3,1.3%
2024-11-17,熊猫计划,上映48天,3.05亿,85.16万,1.0%,5430,1.3%,4.9,5.2%
2024-11-17,哈利·波特与凤凰社,,1.72亿,84.51万,1.0%,2250,0.5%,9.1,7.0%
2024-11-17,红色一号：冬日行动,上映10天,2028.4万,67.63万,0.8%,4864,1.2%,3.4,3.1%
2024-11-17,蓦然回首,上映23天,5244.6万,52.12万,0.6%,4425,1.0%,3.1,3.0%
2024-11-17,乔妍的心事,上映23天,1.50亿,39.28万,0.4%,5100,1.2%,2.0,2.1%
2024-11-17,变形金刚：起源,上映52天,1.51亿,31.37万,0.3%,1799,0.4%,4.6,4.8%
2024-11-17,完美的日子,上映3天,109.2万,30.38万,0.3%,700,0.1%,9.5,8.6%
2024-11-17,哈利·波特与火焰杯,,1.28亿,29.80万,0.3%,717,0.1%,10.1,8.4%
2024-11-17,这个杀手不太冷,上映17天,1655.4万,25.69万,0.3%,1376,0.3%,4.8,4.6%
2024-11-17,最后的里程,上映9天,645.4万,23.60万,0.2%,1308,0.3%,4.4,4.8%
2024-11-17,哈利·波特与阿兹卡班的囚徒,,8116.2万,13.15万,0.1%,426,0.1%,7.6,7.6%
2024-11-17,今年二十二,点映,118.0万,12.24万,0.1%,6,<0.1%,170.0,--
2024-11-17,爱你很久很久,上映17天,1956.8万,11.89万,0.1%,1395,0.3%,2.5,2.8%
2024-11-17,荒野机器人,上映59天,5167.8万,10.50万,0.1%,524,0.1%,5.2,6.0%
2024-11-17,古宅谜案,上映3天,64.4万,10.38万,0.1%,3350,0.8%,0.9,0.9%
2024-11-17,新大头儿子和小头爸爸6：迷你大冒险,上映48天,2814.5万,8.36万,0.1%,1030,0.2%,2.6,2.8%
2024-11-17,老枪,上映17天,537.5万,8.21万,0.1%,1249,0.3%,1.6,1.7%
2024-11-17,女人世界,上映13天,130.9万,8.11万,0.1%,490,0.1%,4.4,3.1%
2024-11-17,美人鱼的夏天,点映,9.4万,7.83万,<0.1%,149,<0.1%,19.9,15.3%
2024-11-17,风流一代,点映,10.6万,6.91万,<0.1%,8,<0.1%,148.3,--
2024-11-17,只此青绿,上映48天,5143.3万,6.65万,<0.1%,478,0.1%,3.2,3.2%
2024-11-17,与你相遇的日子,上映52天,908.1万,5.80万,<0.1%,19,<0.1%,64.9,48.0%
2024-11-17,哈利·波特与魔法石,,3.24亿,5.77万,<0.1%,160,<0.1%,8.5,9.1%
2024-11-17,哈利·波特与密室,,9694.8万,5.18万,<0.1%,189,<0.1%,6.7,7.1%
2024-11-17,里斯本丸沉没,上映73天,4515.0万,4.48万,<0.1%,167,<0.1%,7.1,6.4%
2024-11-17,苍穹,展映,2824.9万,3.79万,<0.1%,6,<0.1%,158.2,--
2024-11-17,金色少年,上映76天,25.7万,3.70万,<0.1%,60,<0.1%,55.8,34.8%
2024-11-17,奇妙萌可大电影,上映64天,1105.5万,3.31万,<0.1%,256,<0.1%,4.0,4.6%
2024-11-17,门前宝地,上映59天,196.1万,2.96万,<0.1%,8,<0.1%,92.6,--
2024-11-17,小丑2：双重妄想,上映33天,5404.7万,2.31万,<0.1%,97,<0.1%,4.6,2.3%
2024-11-17,危机航线,上映49天,3.00亿,1.82万,<0.1%,383,<0.1%,1.2,1.3%
2024-11-17,冬天没有童话,,35.1万,1.62万,<0.1%,3,<0.1%,180.0,--
2024-11-17,密室逃脱,上映31天,421.0万,1.21万,<0.1%,62,<0.1%,5.4,0.7%
2024-11-17,云上的云,上映31天,1101.2万,1.21万,<0.1%,41,<0.1%,11.8,26.7%
2024-11-17,一江清水,上映16天,11.6万,1.17万,<0.1%,48,<0.1%,7.8,8.2%
2024-11-17,康熙与路易十四,,216.5万,0.90万,<0.1%,2,<0.1%,110.5,5.9%
2024-11-17,749局,上映48天,3.75亿,0.83万,<0.1%,162,<0.1%,1.5,1.8%
2024-11-17,出走的决心,上映64天,1.23亿,0.81万,<0.1%,103,<0.1%,2.3,2.6%
2024-11-17,踢出个未来,上映51天,132.1万,0.76万,<0.1%,6,<0.1%,47.5,26.7%
2024-11-17,戏,点映,1.1万,0.75万,<0.1%,1,<0.1%,300.0,100.0%
2024-11-17,浴火之路,上映48天,4.61亿,0.66万,<0.1%,181,<0.1%,0.9,1.0%
2024-11-17,夹缝之间,上映10天,73.1万,0.61万,<0.1%,293,<0.1%,0.6,0.6%
2024-11-17,北极荒原,展映,171.4万,0.56万,<0.1%,1,<0.1%,131.0,41.1%
2024-11-17,非洲：塞伦盖蒂国家公园,,16.7万,0.54万,<0.1%,1,<0.1%,180.0,--
2024-11-17,熊猫盼盼,展映,53.4万,0.54万,<0.1%,1,<0.1%,180.0,--
2024-11-17,荧屏奇遇,,15.9万,0.54万,<0.1%,1,<0.1%,180.0,--
2024-11-17,妈妈！,,7714.4万,0.50万,<0.1%,10,<0.1%,24.5,25.8%
2024-11-17,凤鸣飞天,上映19天,12.8万,0.45万,<0.1%,10,<0.1%,14.9,9.8%
2024-11-17,姥姥的外孙,上映87天,1.27亿,0.35万,<0.1%,22,<0.1%,4.8,3.8%
2024-11-17,绝地重生,,1117.1万,0.34万,<0.1%,1,<0.1%,123.0,--
2024-11-17,爱乐之城,,2.79亿,0.31万,<0.1%,3,<0.1%,37.3,7.1%
2024-11-17,开国大典,,3.3万,0.29万,<0.1%,2,<0.1%,37.5,48.1%
2024-11-17,开国宴风云,上映59天,54.3万,0.29万,<0.1%,5,<0.1%,21.4,34.4%
2024-11-17,小倩,点映,51.4万,0.28万,<0.1%,7,<0.1%,12.3,9.1%
2024-11-17,新龙门客栈（舞台纪录电影·越剧）,上映80天,611.1万,0.27万,<0.1%,22,<0.1%,3.6,5.0%
2024-11-17,夏日心灵,上映53天,18.7万,0.26万,<0.1%,3,<0.1%,25.0,--
2024-11-17,爆款好人,上映48天,2713.1万,0.25万,<0.1%,46,<0.1%,1.5,0.9%
2024-11-17,背靠背，脸对脸,,1.6万,0.23万,<0.1%,1,<0.1%,54.0,38.9%
2024-11-17,大突围,点映,67.3万,0.23万,<0.1%,18,<0.1%,3.6,3.3%
2024-11-17,单单,上映7天,1.9万,0.21万,<0.1%,47,<0.1%,1.1,1.6%
2024-11-17,错位,展映,1.3万,0.20万,<0.1%,1,<0.1%,46.0,33.8%
2024-11-17,流浪地球2,,40.43亿,0.19万,<0.1%,3,<0.1%,11.7,8.2%
2024-11-17,黑炮事件,展映,1.2万,0.18万,<0.1%,1,<0.1%,43.0,31.6%
2024-11-17,草原的夏天,,15.1万,0.18万,<0.1%,1,<0.1%,62.0,--
2024-11-17,脐带,,170.0万,0.16万,<0.1%,5,<0.1%,5.8,--
2024-11-17,江南：在爱开始的地方等你,上映64天,352.2万,0.14万,<0.1%,131,<0.1%,0.3,0.4%
2024-11-17,范蠡献西施（戏曲 粤剧）,上映31天,6.8万,0.14万,<0.1%,4,<0.1%,14.0,2.1%
2024-11-17,幸福的模样,,37.5万,0.12万,<0.1%,1,<0.1%,41.0,--
2024-11-17,超级的我,,1224.0万,0.12万,<0.1%,8,<0.1%,4.3,--
2024-11-17,少年先锋,,73.9万,0.12万,<0.1%,3,<0.1%,13.3,--
2024-11-17,过昭关,,51.4万,0.09万,<0.1%,1,<0.1%,24.0,23.1%
2024-11-17,音乐课,上映34天,31.3万,0.08万,<0.1%,7,<0.1%,3.6,2.4%
2024-11-17,永不消逝的电波（舞台纪录电影·舞剧）,,223.6万,0.07万,<0.1%,5,<0.1%,4.8,4.5%
2024-11-17,流浪地球,,46.87亿,0.06万,<0.1%,3,<0.1%,5.0,--
2024-11-17,爱情神话,,2.60亿,0.06万,<0.1%,13,<0.1%,1.4,1.5%
2024-11-17,中国乒乓之绝地反击,,1.00亿,0.05万,<0.1%,1,<0.1%,25.0,32.8%
2024-11-17,清道夫,上映17天,6.9万,0.04万,<0.1%,8,<0.1%,1.9,0.2%
2024-11-17,泪光中的妈妈,,138.6万,0.04万,<0.1%,12,<0.1%,1.9,19.1%
2024-11-17,伟大征程,上映18天,34.6万,0.04万,<0.1%,128,<0.1%,0.1,0.0%
2024-11-17,逆行人生,上映101天,3.59亿,0.04万,<0.1%,9,<0.1%,1.2,3.1%
2024-11-17,“上海少女”的三十年,上映10天,4.4万,0.04万,<0.1%,2,<0.1%,5.5,5.7%
2024-11-17,光之子,上映29天,23.2万,0.04万,<0.1%,9,<0.1%,1.1,2.1%
2024-11-17,一竞到底,上映17天,54.6万,0.04万,<0.1%,17,<0.1%,0.8,1.1%
2024-11-17,阿莫阿依,,1333.0万,0.03万,<0.1%,1,<0.1%,14.0,--
2024-11-17,猎毒行动：终极对决,上映3天,3722,0.02万,<0.1%,9,<0.1%,0.9,2.1%
2024-11-17,加菲猫家族,,1.84亿,0.01万,<0.1%,13,<0.1%,0.4,1.6%
2024-11-17,魔幻奇缘之宝石公主,,813.9万,0.01万,<0.1%,3,<0.1%,2.3,5.0%
2024-11-17,唐山大地震,,6.50亿,0.01万,<0.1%,12,<0.1%,0.4,0.5%
2024-11-17,航海王：红发歌姬,,1.85亿,0.01万,<0.1%,1,<0.1%,6.0,7.5%
2024-11-17,喜羊羊与灰太狼之守护,,9123.4万,0.01万,<0.1%,2,<0.1%,1.5,1.0%
2024-11-17,毒液：致命守护者,,18.70亿,0.01万,<0.1%,2,<0.1%,1.5,1.2%
2024-11-17,邓小平小道,,2742.8万,0.01万,<0.1%,1,<0.1%,3.0,2.7%
2024-11-17,山河故人,,3235.2万,0.00万,<0.1%,2,<0.1%,1.5,1.7%
2024-11-17,青蛙王子历险记,,1121.0万,0.00万,<0.1%,3,<0.1%,1.3,2.1%
2024-11-17,车库,上映59天,68.1万,0.00万,<0.1%,4,<0.1%,0.5,0.5%
2024-11-17,我，就是风!,,1222.0万,0.00万,<0.1%,1,<0.1%,1.0,1.1%
2024-11-17,忠爱无言2,,87.5万,0.00万,<0.1%,1,<0.1%,1.0,--
2024-11-17,饮料超人,,100.1万,0.00万,<0.1%,4,<0.1%,1.0,--
2024-11-17,侏罗纪世界3,,10.59亿,0万,<0.1%,1,<0.1%,0.0,--
2024-11-17,奇妙王国之魔法奇缘,,1002.5万,0万,<0.1%,1,<0.1%,0.0,--
2024-11-17,绑架游戏,上映37天,1615.7万,0万,<0.1%,6,<0.1%,0.0,--
2024-11-17,疯狂丑小鸭2靠谱英雄,,1002.3万,0万,<0.1%,1,<0.1%,0.0,--
2024-11-17,探探猫人鱼公主,,564.1万,0万,<0.1%,2,<0.1%,0.0,--
2024-11-17,潜艇总动员：环游地球80天,,5261.5万,0万,<0.1%,7,<0.1%,0.0,--
2024-11-17,默杀,,13.51亿,0万,<0.1%,1,<0.1%,0.0,--
2024-11-17,陌上花开,上映24天,9.6万,0万,<0.1%,9,<0.1%,0.0,--
2024-11-17,出发,,646.0万,0万,<0.1%,1,<0.1%,0.0,--
2024-11-17,太空熊猫英雄归来,,2101.7万,0万,<0.1%,3,<0.1%,0.0,--
2024-11-17,时光记忆,上映58天,6896,0万,<0.1%,1,<0.1%,0.0,--
2024-11-17,功夫王之萌虎上山,,522.6万,0万,<0.1%,5,<0.1%,0.0,--
2024-11-17,超级飞侠：乐迪加速,,7075.7万,0万,<0.1%,4,<0.1%,0.0,--
2024-11-17,一生交给党,,337.3万,0万,<0.1%,2,<0.1%,0.0,--
2024-11-17,我们的岁月,,1022.3万,0万,<0.1%,1,<0.1%,0.0,--
2024-11-17,恐龙飞车,,115.5万,0万,<0.1%,1,<0.1%,0.0,--
2024-11-17,头脑特工队2,,3.44亿,0万,<0.1%,8,<0.1%,0.0,--
2024-11-17,冰雪奇缘2,,8.60亿,0万,<0.1%,5,<0.1%,0.0,--
2024-11-17,猪猪侠大电影·海洋日记,,2939.8万,0万,<0.1%,5,<0.1%,0.0,--
2024-11-17,新猪猪侠大电影·超级赛车,,5370.5万,0万,<0.1%,6,<0.1%,0.0,--
2024-11-17,从21世纪安全撤离,,1.12亿,0万,<0.1%,1,<0.1%,0.0,--
2024-11-17,父亲在远方,,70.3万,0万,<0.1%,2,<0.1%,0.0,--
2024-11-17,食神,上映79天,644.2万,0万,<0.1%,2,<0.1%,0.0,--
2024-11-17,一雪前耻,上映64天,9385.6万,0万,<0.1%,2,<0.1%,0.0,--
2024-11-17,孤注一掷,,38.49亿,0万,<0.1%,1,<0.1%,0.0,--
2024-11-17,七十七天,,1.03亿,0万,<0.1%,1,<0.1%,0.0,--
2024-11-17,解密,,3.34亿,0万,<0.1%,8,<0.1%,0.0,--
2024-11-17,疯狂大营救,,90.6万,0万,<0.1%,3,<0.1%,0.0,--
2024-11-17,大旅行,,83.0万,0万,<0.1%,1,<0.1%,0.0,--
2024-11-17,哥斯拉大战金刚,,12.32亿,0万,<0.1%,3,<0.1%,0.0,--
2024-11-17,打过长江去,,2245.8万,0万,<0.1%,8,<0.1%,0.0,--
2024-11-17,大侦探皮卡丘,,6.40亿,0万,<0.1%,1,<0.1%,0.0,--
2024-11-17,开国将帅授衔1955,,859.7万,0万,<0.1%,3,<0.1%,0.0,--
2024-11-17,熊出没·伴我“熊芯”,,14.95亿,0万,<0.1%,2,<0.1%,0.0,--
2024-11-17,祝你幸福！,上映64天,6008.5万,0万,<0.1%,1,<0.1%,0.0,--
2024-11-17,王牌二哈,,311.5万,0万,<0.1%,9,<0.1%,0.0,--
2024-11-17,欢乐丛林之外星人大冒险,,389.6万,0万,<0.1%,2,<0.1%,0.0,--
2024-11-17,疯狂小世界,,257.0万,0万,<0.1%,1,<0.1%,0.0,--
2024-11-17,边疆军魂,,45.3万,0万,<0.1%,1,<0.1%,0.0,--
2024-11-17,开心超人之英雄的心,,1657.0万,0万,<0.1%,14,<0.1%,0.0,--
2024-11-17,阿里巴巴与神灯,,2223.5万,0万,<0.1%,2,<0.1%,0.0,--
2024-11-17,大场面,上映64天,1245.2万,0万,<0.1%,3,<0.1%,0.0,--
2024-11-17,盐湖计划,上映26天,6.3万,0万,<0.1%,8,<0.1%,0.0,--
2024-11-17,潜艇总动员5：时光宝盒,,4705.7万,0万,<0.1%,2,<0.1%,0.0,--
2024-11-17,刺猬索尼克,,1994.1万,0万,<0.1%,4,<0.1%,0.0,--
2024-11-17,熊出没之熊心归来,,2.87亿,0万,<0.1%,2,<0.1%,0.0,--
2024-11-17,神偷奶爸4,,4.23亿,0万,<0.1%,11,<0.1%,0.0,--
2024-11-17,一山之隔,,204.1万,0万,<0.1%,1,<0.1%,0.0,--
2024-11-17,申纪兰,,483.3万,0万,<0.1%,1,<0.1%,0.0,--
2024-11-17,太空熊猫英雄诞生,,524.2万,0万,<0.1%,1,<0.1%,0.0,--
2024-11-17,两只小猪之勇闯神秘岛,,518.0万,0万,<0.1%,1,<0.1%,0.0,--
2024-11-17,中国机长,,29.13亿,0万,<0.1%,14,<0.1%,0.0,--
2024-11-17,太空熊猫总动员,,424.0万,0万,<0.1%,6,<0.1%,0.0,--
2024-11-17,绿林大冒险,,890.8万,0万,<0.1%,1,<0.1%,0.0,--
2024-11-17,猪猪侠大电影·星际行动,,5474.5万,0万,<0.1%,1,<0.1%,0.0,--
2024-11-17,新大头儿子和小头爸爸2一日成才,,9039.8万,0万,<0.1%,1,<0.1%,0.0,--
2024-11-17,白夜书店,上映52天,1151,0万,<0.1%,1,<0.1%,0.0,--
2024-11-17,父子拳王,,30.4万,0万,<0.1%,2,<0.1%,0.0,--
2024-11-17,超级马力欧兄弟大电影,,1.71亿,0万,<0.1%,1,<0.1%,0.0,--
2024-11-17,名侦探柯南：百万美元的五棱星,上映94天,2.86亿,0万,<0.1%,5,<0.1%,0.0,--
2024-11-17,田园时代,上映37天,302.8万,0万,<0.1%,14,<0.1%,0.0,--
2024-11-17,我和我的父辈,,14.77亿,0万,<0.1%,3,<0.1%,0.0,--
2024-11-17,钟馗伏妖,,72.5万,0万,<0.1%,1,<0.1%,0.0,--
2024-11-17,魔镜奇缘2,,2063.0万,0万,<0.1%,8,<0.1%,0.0,--
2024-11-17,笨鸟大冒险,,636.3万,0万,<0.1%,2,<0.1%,0.0,--
2024-11-17,看不见的朋友,上映59天,72.9万,0万,<0.1%,1,<0.1%,0.0,--
2024-11-17,生死坚守,,94.3万,0万,<0.1%,3,<0.1%,0.0,--
2024-11-17,金龟子,,2782.2万,0万,<0.1%,1,<0.1%,0.0,--
2024-11-17,封神第一部,,26.34亿,0万,<0.1%,9,<0.1%,0.0,--
2024-11-17,816,上映30天,81.0万,0万,<0.1%,3,<0.1%,0.0,--
2024-11-17,魔法鼠乐园,,422.9万,0万,<0.1%,1,<0.1%,0.0,--
2024-11-17,乡见未晚,上映66天,30.1万,0万,<0.1%,2,<0.1%,0.0,--
2024-11-17,野孩子,上映66天,2.41亿,0万,<0.1%,2,<0.1%,0.0,--
2024-11-17,负负得正,上映100天,7008.4万,0万,<0.1%,4,<0.1%,0.0,--
2024-11-17,宇宙护卫队：风暴力量,,2013.2万,0万,<0.1%,1,<0.1%,0.0,--
2024-11-17,你是我的英雄,,1118.1万,0万,<0.1%,10,<0.1%,0.0,--
2024-11-17,潜艇总动员：寻龙,,3228.7万,0万,<0.1%,6,<0.1%,0.0,--
2024-11-17,爸爸是外星人,,505.5万,0万,<0.1%,1,<0.1%,0.0,--
2024-11-17,金腰带,上映87天,114.8万,0万,<0.1%,1,<0.1%,0.0,--
2024-11-17,蛋宝大营救,上映72天,543.7万,0万,<0.1%,1,<0.1%,0.0,--
2024-11-17,凯利和超级可乐,,56.2万,0万,<0.1%,3,<0.1%,0.0,--
2024-11-17,根本停不下来,展映,7.5万,0万,<0.1%,4,<0.1%,0.0,--
2024-11-17,棉花糖和云朵妈妈1宝贝芯计划,,1290.9万,0万,<0.1%,3,<0.1%,0.0,--
2024-11-17,我和我的祖国,,31.70亿,0万,<0.1%,3,<0.1%,0.0,--
2024-11-17,极地大反攻,,399.1万,0万,<0.1%,1,<0.1%,0.0,--
2024-11-18,胜券在握,上映4天,8946.4万,860.76万,32.9%,74104,21.5%,3.1,2.2%
2024-11-18,毒液：最后一舞,上映27天,6.48亿,333.48万,12.7%,49730,14.4%,1.6,1.2%
2024-11-18,焚城,上映18天,2.36亿,326.63万,12.5%,43955,12.8%,1.8,1.4%
2024-11-18,鸳鸯楼·惊魂,上映19天,8241.9万,249.22万,9.5%,30238,8.8%,2.4,2.5%
2024-11-18,好东西,点映,1396.0万,247.13万,9.4%,7895,2.2%,7.1,6.3%
2024-11-18,哈利·波特与混血王子,,1.77亿,120.73万,4.6%,13342,3.8%,2.2,1.2%
2024-11-18,那个不为人知的故事,上映10天,1.08亿,110.81万,4.2%,29723,8.6%,0.9,0.8%
2024-11-18,志愿军：存亡之战,上映50天,11.94亿,48.58万,1.8%,6019,1.7%,2.1,2.0%
2024-11-18,海上钢琴师,,1.49亿,46.22万,1.7%,8865,2.5%,1.3,1.3%
2024-11-18,我谈的那场恋爱,上映4天,476.0万,39.32万,1.5%,13423,3.9%,0.8,0.8%
2024-11-18,戴假发的人,上映3天,347.9万,32.66万,1.2%,16224,4.7%,0.6,0.5%
2024-11-18,火影忍者剧场版：忍者之路,上映10天,2905.5万,22.81万,0.8%,11799,3.4%,0.5,0.5%
2024-11-18,红色一号：冬日行动,上映11天,2048.6万,20.19万,0.7%,5113,1.4%,1.0,0.9%
2024-11-18,乔妍的心事,上映24天,1.50亿,17.32万,0.6%,5609,1.6%,0.8,0.8%
2024-11-18,哈利·波特与凤凰社,,1.72亿,13.88万,0.5%,1980,0.5%,1.7,1.4%
2024-11-18,爱你很久很久,上映18天,1969.9万,13.19万,0.5%,1925,0.5%,1.6,1.7%
2024-11-18,完美的日子,上映4天,122.3万,13.09万,0.5%,517,0.1%,5.4,4.7%
2024-11-18,蓦然回首,上映24天,5255.1万,10.55万,0.4%,3374,0.9%,0.8,0.8%
2024-11-18,这个杀手不太冷,上映18天,1663.6万,8.12万,0.3%,1551,0.4%,1.4,1.3%
2024-11-18,风流一代,点映,18.5万,7.87万,0.3%,4,<0.1%,292.0,90.2%
2024-11-18,熊猫计划,上映49天,3.05亿,7.59万,0.2%,3691,1.0%,0.6,0.7%
2024-11-18,最后的里程,上映10天,651.8万,6.43万,0.2%,1418,0.4%,1.1,1.2%
2024-11-18,古宅谜案,上映4天,70.6万,6.26万,0.2%,2831,0.8%,0.6,0.6%
2024-11-18,哈利·波特与火焰杯,,1.28亿,5.19万,0.1%,658,0.1%,2.0,1.7%
2024-11-18,女人世界,上映14天,134.6万,3.64万,0.1%,729,0.2%,1.4,1.3%
2024-11-18,老枪,上映18天,540.5万,2.99万,0.1%,1230,0.3%,0.6,0.7%
2024-11-18,哈利·波特与阿兹卡班的囚徒,,8119.1万,2.97万,0.1%,393,0.1%,1.9,1.5%
2024-11-18,里斯本丸沉没,上映74天,4518.0万,2.95万,0.1%,206,<0.1%,4.5,1.5%
2024-11-18,出发,,648.5万,2.48万,<0.1%,8,<0.1%,65.4,--
2024-11-18,云上的云,上映32天,1103.2万,2.05万,<0.1%,21,<0.1%,39.0,24.2%
2024-11-18,只此青绿,上映49天,5145.1万,1.85万,<0.1%,538,0.1%,0.8,0.8%
2024-11-18,金钱堡垒,点映,1.7万,1.72万,<0.1%,4,<0.1%,94.3,--
2024-11-18,海绵宝宝：拯救比奇堡,上映32天,3133.8万,1.64万,<0.1%,954,0.2%,0.5,0.5%
2024-11-18,门前宝地,上映60天,197.6万,1.42万,<0.1%,5,<0.1%,71.4,--
2024-11-18,变形金刚：起源,上映53天,1.51亿,1.26万,<0.1%,675,0.1%,0.5,0.5%
2024-11-18,伟大征程,上映19天,35.7万,1.12万,<0.1%,1592,0.4%,0.2,0.1%
2024-11-18,密室逃脱,上映32天,422.1万,1.09万,<0.1%,48,<0.1%,5.6,0.1%
2024-11-18,危机航线,上映50天,3.00亿,0.74万,<0.1%,473,0.1%,0.4,0.4%
2024-11-18,光之子,上映30天,23.9万,0.68万,<0.1%,10,<0.1%,23.0,30.5%
2024-11-18,哈利·波特与魔法石,,3.24亿,0.67万,<0.1%,123,<0.1%,1.4,1.4%
2024-11-18,哈利·波特与密室,,9695.4万,0.66万,<0.1%,126,<0.1%,1.2,1.3%
2024-11-18,夹缝之间,上映11天,73.8万,0.64万,<0.1%,383,0.1%,0.5,0.6%
2024-11-18,开国宴风云,上映60天,54.9万,0.54万,<0.1%,5,<0.1%,33.6,35.6%
2024-11-18,新大头儿子和小头爸爸6：迷你大冒险,上映49天,2815.0万,0.46万,<0.1%,398,0.1%,0.4,0.2%
2024-11-18,浴火之路,上映49天,4.61亿,0.46万,<0.1%,223,<0.1%,0.5,0.5%
2024-11-18,出走的决心,上映65天,1.23亿,0.39万,<0.1%,129,<0.1%,0.9,0.9%
2024-11-18,荒野机器人,上映60天,5168.2万,0.38万,<0.1%,170,<0.1%,0.6,0.5%
2024-11-18,逆行人生,,3.59亿,0.36万,<0.1%,11,<0.1%,8.1,4.9%
2024-11-18,小丑2：双重妄想,上映34天,5405.1万,0.36万,<0.1%,120,<0.1%,0.6,0.7%
2024-11-18,凤鸣飞天,上映20天,13.1万,0.34万,<0.1%,13,<0.1%,8.8,6.3%
2024-11-18,康熙与路易十四,,216.8万,0.33万,<0.1%,2,<0.1%,41.5,23.6%
2024-11-18,戏,点映,1.4万,0.32万,<0.1%,1,<0.1%,130.0,--
2024-11-18,749局,上映49天,3.75亿,0.32万,<0.1%,171,<0.1%,0.5,0.7%
2024-11-18,大突围,点映,67.6万,0.30万,<0.1%,36,<0.1%,2.4,1.9%
2024-11-18,一江清水,上映17天,11.9万,0.27万,<0.1%,21,<0.1%,4.0,--
2024-11-18,你是我的英雄,,1118.3万,0.25万,<0.1%,16,<0.1%,5.4,--
2024-11-18,周立波回清溪,,1056.4万,0.25万,<0.1%,1,<0.1%,100.0,--
2024-11-18,一生交给党,,337.6万,0.22万,<0.1%,5,<0.1%,14.4,--
2024-11-18,我的爷爷,上映60天,254.0万,0.20万,<0.1%,1,<0.1%,40.0,5.4%
2024-11-18,踢出个未来,上映52天,132.3万,0.16万,<0.1%,2,<0.1%,28.0,--
2024-11-18,范蠡献西施（戏曲 粤剧）,上映32天,6.9万,0.12万,<0.1%,4,<0.1%,12.8,15.8%
2024-11-18,爆款好人,上映49天,2713.2万,0.12万,<0.1%,38,<0.1%,0.8,1.0%
2024-11-18,青年邓颖超,,143.7万,0.12万,<0.1%,2,<0.1%,30.0,--
2024-11-18,江南：在爱开始的地方等你,上映65天,352.3万,0.09万,<0.1%,132,<0.1%,0.2,0.1%
2024-11-18,同学们,,27.2万,0.08万,<0.1%,1,<0.1%,22.0,28.9%
2024-11-18,望道,,8201.7万,0.08万,<0.1%,3,<0.1%,7.7,6.4%
2024-11-18,奇妙萌可大电影,上映65天,1105.6万,0.07万,<0.1%,70,<0.1%,0.4,0.4%
2024-11-18,阿莫阿依,,1333.1万,0.07万,<0.1%,2,<0.1%,15.0,--
2024-11-18,单单,上映8天,1.9万,0.06万,<0.1%,41,<0.1%,0.5,0.4%
2024-11-18,小倩,点映,51.4万,0.06万,<0.1%,5,<0.1%,3.6,2.8%
2024-11-18,爱情神话,,2.60亿,0.06万,<0.1%,18,<0.1%,0.9,1.3%
2024-11-18,猴脸,上映83天,2.5万,0.06万,<0.1%,2,<0.1%,10.0,13.5%
2024-11-18,夏日心灵,上映54天,18.8万,0.05万,<0.1%,2,<0.1%,8.0,--
2024-11-18,“上海少女”的三十年,上映11天,4.5万,0.04万,<0.1%,5,<0.1%,2.2,3.9%
2024-11-18,姥姥的外孙,上映88天,1.27亿,0.03万,<0.1%,10,<0.1%,0.8,1.5%
2024-11-18,816,上映31天,81.0万,0.00万,<0.1%,4,<0.1%,0.5,1.0%
2024-11-18,流浪地球2,,40.43亿,0.00万,<0.1%,3,<0.1%,0.7,2.0%
2024-11-18,一竞到底,上映18天,54.6万,0.00万,<0.1%,21,<0.1%,<0.1,0.1%
2024-11-18,开国大典,,3.3万,0.00万,<0.1%,1,<0.1%,1.0,--
2024-11-18,车库,上映60天,68.1万,0.00万,<0.1%,3,<0.1%,0.7,0.6%
2024-11-18,猎毒行动：终极对决,上映4天,3752,0.00万,<0.1%,6,<0.1%,0.2,--
2024-11-18,盐湖计划,上映27天,6.3万,0.00万,<0.1%,13,<0.1%,<0.1,0.0%
2024-11-18,忠爱无言2,,87.5万,0.00万,<0.1%,2,<0.1%,0.5,--
2024-11-18,我要去远方,,125.0万,0万,<0.1%,1,<0.1%,0.0,--
2024-11-18,绑架游戏,上映38天,1615.7万,0万,<0.1%,3,<0.1%,0.0,--
2024-11-18,走走停停,,1.02亿,0万,<0.1%,1,<0.1%,0.0,--
2024-11-18,谯国夫人,,1411.7万,0万,<0.1%,1,<0.1%,0.0,--
2024-11-18,角斗士2,,点映,0万,<0.1%,1,<0.1%,0.0,--
2024-11-18,志愿军：雄兵出击,,8.68亿,0万,<0.1%,1,<0.1%,0.0,--
2024-11-18,陌上花开,上映25天,9.6万,0万,<0.1%,9,<0.1%,0.0,--
2024-11-18,青蛙王子历险记,,1121.0万,0万,<0.1%,2,<0.1%,0.0,--
2024-11-18,潜艇总动员5：时光宝盒,,4705.7万,0万,<0.1%,2,<0.1%,0.0,--
2024-11-18,冲撞,上映25天,8.5万,0万,<0.1%,4,<0.1%,0.0,--
2024-11-18,时光记忆,上映59天,6896,0万,<0.1%,1,<0.1%,0.0,--
2024-11-18,毒液：致命守护者,,18.70亿,0万,<0.1%,2,<0.1%,0.0,--
2024-11-18,一山之隔,,204.1万,0万,<0.1%,1,<0.1%,0.0,--
2024-11-18,申纪兰,,483.3万,0万,<0.1%,1,<0.1%,0.0,--
2024-11-18,爱乐之城,,2.79亿,0万,<0.1%,1,<0.1%,0.0,--
2024-11-18,宇宙探索编辑部,,6723.1万,0万,<0.1%,1,<0.1%,0.0,--
2024-11-18,航海王：红发歌姬,,1.85亿,0万,<0.1%,1,<0.1%,0.0,--
2024-11-18,流浪地球,,46.87亿,0万,<0.1%,3,<0.1%,0.0,--
2024-11-18,与你相遇的日子,上映53天,908.1万,0万,<0.1%,8,<0.1%,0.0,--
2024-11-18,我们的岁月,,1022.3万,0万,<0.1%,1,<0.1%,0.0,--
2024-11-18,脐带,,170.0万,0万,<0.1%,1,<0.1%,0.0,--
2024-11-18,蜡笔小新：我们的恐龙日记,点映,8.1万,0万,<0.1%,1,<0.1%,0.0,--
2024-11-18,你是我的冠军,,点映,0万,<0.1%,1,<0.1%,0.0,--
2024-11-18,哈利·波特与死亡圣器（上),,1.20亿,0万,<0.1%,1,<0.1%,0.0,--
2024-11-18,从21世纪安全撤离,,1.12亿,0万,<0.1%,1,<0.1%,0.0,--
2024-11-18,父亲在远方,,70.3万,0万,<0.1%,2,<0.1%,0.0,--
2024-11-18,一雪前耻,上映65天,9385.6万,0万,<0.1%,1,<0.1%,0.0,--
2024-11-18,名侦探柯南：百万美元的五棱星,上映95天,2.86亿,0万,<0.1%,1,<0.1%,0.0,--
2024-11-18,音乐课,上映35天,31.3万,0万,<0.1%,1,<0.1%,0.0,--
2024-11-18,解密,,3.34亿,0万,<0.1%,8,<0.1%,0.0,--
2024-11-18,天慕,,1066.2万,0万,<0.1%,1,<0.1%,0.0,--
2024-11-18,申纪兰,展映,5.1万,0万,<0.1%,1,<0.1%,0.0,--
2024-11-18,邓小平小道,,2742.8万,0万,<0.1%,1,<0.1%,0.0,--
2024-11-18,看不见的朋友,上映60天,72.9万,0万,<0.1%,1,<0.1%,0.0,--
2024-11-18,朱同在三年级丢失了超能力,,1515.8万,0万,<0.1%,1,<0.1%,0.0,--
2024-11-18,白蛇传说,,1.78亿,0万,<0.1%,1,<0.1%,0.0,--
2024-11-18,美人鱼的夏天,点映,9.4万,0万,<0.1%,1,<0.1%,0.0,--
2024-11-18,乡见未晚,上映67天,30.1万,0万,<0.1%,2,<0.1%,0.0,--
2024-11-18,开国将帅授衔1955,,859.7万,0万,<0.1%,2,<0.1%,0.0,--
2024-11-18,魔幻奇缘之宝石公主,,813.9万,0万,<0.1%,3,<0.1%,0.0,--
2024-11-18,八角笼中,,22.07亿,0万,<0.1%,2,<0.1%,0.0,--
2024-11-18,爸爸是外星人,,505.5万,0万,<0.1%,1,<0.1%,0.0,--
2024-11-18,超级的我,,1224.0万,0万,<0.1%,8,<0.1%,0.0,--
2024-11-18,加菲猫家族,,1.84亿,0万,<0.1%,1,<0.1%,0.0,--
2024-11-18,根本停不下来,展映,7.5万,0万,<0.1%,2,<0.1%,0.0,--
2024-11-18,祝你幸福！,上映65天,6008.5万,0万,<0.1%,1,<0.1%,0.0,--
2024-11-18,堡垒,,281.7万,0万,<0.1%,1,<0.1%,0.0,--
2024-11-18,与孩子一同成长,上映70天,15.1万,0万,<0.1%,1,<0.1%,0.0,--
2024-11-18,清道夫,上映18天,6.9万,0万,<0.1%,7,<0.1%,0.0,--
2024-11-18,边疆军魂,,45.3万,0万,<0.1%,1,<0.1%,0.0,--
2024-11-19,胜券在握,上映5天,9766.8万,820.40万,31.0%,74038,21.7%,3.0,2.1%
2024-11-19,好东西,点映,1856.6万,460.56万,17.4%,11157,3.2%,9.4,8.1%
2024-11-19,焚城,上映19天,2.39亿,297.82万,11.2%,43589,12.8%,1.7,1.3%
2024-11-19,毒液：最后一舞,上映28天,6.51亿,293.21万,11.0%,49310,14.4%,1.5,1.0%
2024-11-19,鸳鸯楼·惊魂,上映20天,8462.3万,220.42万,8.3%,30942,9.0%,2.1,2.1%
2024-11-19,那个不为人知的故事,上映11天,1.09亿,119.81万,4.5%,28881,8.4%,1.0,0.9%
2024-11-19,哈利·波特与混血王子,,1.78亿,98.20万,3.7%,12748,3.7%,1.8,1.1%
2024-11-19,志愿军：存亡之战,上映51天,11.95亿,65.71万,2.4%,6219,1.8%,2.7,2.7%
2024-11-19,海上钢琴师,,1.49亿,39.65万,1.4%,8327,2.4%,1.2,1.2%
2024-11-19,我谈的那场恋爱,上映5天,511.0万,35.06万,1.3%,12366,3.6%,0.8,0.7%
2024-11-19,戴假发的人,上映4天,371.7万,23.86万,0.9%,14589,4.2%,0.5,0.4%
2024-11-19,红色一号：冬日行动,上映12天,2066.8万,18.16万,0.6%,5029,1.4%,0.9,0.8%
2024-11-19,火影忍者剧场版：忍者之路,上映11天,2923.1万,17.53万,0.6%,10973,3.2%,0.4,0.4%
2024-11-19,乔妍的心事,上映25天,1.50亿,16.44万,0.6%,5652,1.6%,0.8,0.8%
2024-11-19,哈利·波特与凤凰社,,1.72亿,11.45万,0.4%,1918,0.5%,1.5,1.2%
2024-11-19,完美的日子,上映5天,133.7万,11.43万,0.4%,510,0.1%,4.9,4.2%
2024-11-19,这个杀手不太冷,上映19天,1671.8万,8.26万,0.3%,1567,0.4%,1.4,1.3%
2024-11-19,蓦然回首,上映25天,5263.2万,8.08万,0.3%,3328,0.9%,0.6,0.6%
2024-11-19,熊猫计划,上映50天,3.05亿,6.58万,0.2%,3652,1.0%,0.6,0.6%
2024-11-19,出发,,654.3万,5.84万,0.2%,16,<0.1%,104.5,1.4%
2024-11-19,风流一代,点映,24.2万,5.64万,0.2%,6,<0.1%,189.3,79.4%
2024-11-19,最后的里程,上映11天,657.2万,5.36万,0.2%,1375,0.4%,1.0,1.0%
2024-11-19,古宅谜案,上映5天,75.2万,4.60万,0.1%,2663,0.7%,0.5,0.5%
2024-11-19,哈利·波特与火焰杯,,1.28亿,4.42万,0.1%,647,0.1%,1.7,1.4%
2024-11-19,只此青绿,上映50天,5149.4万,4.26万,0.1%,545,0.1%,1.9,0.8%
2024-11-19,爱你很久很久,上映19天,1973.9万,3.94万,0.1%,1697,0.4%,0.7,0.7%
2024-11-19,里斯本丸沉没,上映75天,4521.5万,3.56万,0.1%,223,<0.1%,4.9,3.3%
2024-11-19,老枪,上映19天,543.2万,2.78万,0.1%,1167,0.3%,0.6,0.7%
2024-11-19,女人世界,上映15天,136.9万,2.35万,<0.1%,737,0.2%,0.8,0.8%
2024-11-19,哈利·波特与阿兹卡班的囚徒,,8121.2万,2.09万,<0.1%,397,0.1%,1.3,1.3%
2024-11-19,密室逃脱,上映33天,424.1万,2.08万,<0.1%,38,<0.1%,17.5,17.4%
2024-11-19,苍穹,展映,2826.9万,1.95万,<0.1%,6,<0.1%,81.5,--
2024-11-19,门前宝地,上映61天,199.4万,1.82万,<0.1%,6,<0.1%,82.5,--
2024-11-19,变形金刚：起源,上映54天,1.51亿,1.38万,<0.1%,613,0.1%,0.6,0.6%
2024-11-19,海绵宝宝：拯救比奇堡,上映33天,3135.1万,1.27万,<0.1%,1028,0.3%,0.4,0.4%
2024-11-19,大突围,点映,68.5万,0.87万,<0.1%,36,<0.1%,7.1,3.1%
2024-11-19,开国大典,,4.1万,0.82万,<0.1%,3,<0.1%,68.3,45.9%
2024-11-19,危机航线,上映51天,3.00亿,0.71万,<0.1%,477,0.1%,0.4,0.4%
2024-11-19,你是我的英雄,,1119.1万,0.71万,<0.1%,21,<0.1%,11.3,3.3%
2024-11-19,哈利·波特与魔法石,,3.24亿,0.69万,<0.1%,116,<0.1%,1.4,1.2%
2024-11-19,云上的云,上映33天,1103.9万,0.67万,<0.1%,18,<0.1%,13.9,5.3%
2024-11-19,冬天没有童话,,35.7万,0.60万,<0.1%,2,<0.1%,100.0,--
2024-11-19,伟大征程,上映20天,36.3万,0.59万,<0.1%,1642,0.4%,<0.1,0.0%
2024-11-19,夹缝之间,上映12天,74.3万,0.56万,<0.1%,364,0.1%,0.4,0.4%
2024-11-19,哈利·波特与密室,,9696.0万,0.55万,<0.1%,117,<0.1%,1.2,1.1%
2024-11-19,光之子,上映31天,24.3万,0.46万,<0.1%,9,<0.1%,17.6,28.9%
2024-11-19,小丑2：双重妄想,上映35天,5405.5万,0.41万,<0.1%,117,<0.1%,0.7,0.8%
2024-11-19,出走的决心,上映66天,1.23亿,0.36万,<0.1%,136,<0.1%,0.8,0.8%
2024-11-19,一生交给党,,337.9万,0.34万,<0.1%,4,<0.1%,21.5,5.7%
2024-11-19,小倩,点映,51.8万,0.33万,<0.1%,8,<0.1%,13.1,8.0%
2024-11-19,我要当老师,,1305.6万,0.31万,<0.1%,2,<0.1%,40.0,--
2024-11-19,非洲：塞伦盖蒂国家公园,,17.0万,0.30万,<0.1%,1,<0.1%,100.0,--
2024-11-19,熊猫盼盼,展映,53.7万,0.30万,<0.1%,1,<0.1%,100.0,--
2024-11-19,荧屏奇遇,,16.2万,0.30万,<0.1%,1,<0.1%,100.0,--
2024-11-19,草原的夏天,,15.4万,0.29万,<0.1%,1,<0.1%,99.0,--
2024-11-19,浴火之路,上映50天,4.61亿,0.29万,<0.1%,240,<0.1%,0.3,0.3%
2024-11-19,开国宴风云,上映61天,55.2万,0.27万,<0.1%,4,<0.1%,25.3,46.5%
2024-11-19,一江清水,上映18天,12.2万,0.26万,<0.1%,17,<0.1%,5.1,12.2%
2024-11-19,荒野机器人,上映61天,5168.5万,0.26万,<0.1%,130,<0.1%,0.5,0.5%
2024-11-19,浙南儿女英雄传之热血长虹,,100.3万,0.26万,<0.1%,1,<0.1%,75.0,9.6%
2024-11-19,凤鸣飞天,上映21天,13.3万,0.24万,<0.1%,13,<0.1%,5.2,1.8%
2024-11-19,开国大典(上集),,95.0万,0.23万,<0.1%,3,<0.1%,29.3,--
2024-11-19,749局,上映50天,3.75亿,0.22万,<0.1%,139,<0.1%,0.5,0.6%
2024-11-19,新大头儿子和小头爸爸6：迷你大冒险,上映50天,2815.2万,0.20万,<0.1%,345,0.1%,0.2,0.2%
2024-11-19,康熙与路易十四,,217.0万,0.18万,<0.1%,2,<0.1%,22.5,4.8%
2024-11-19,孤军,,3206.0万,0.17万,<0.1%,2,<0.1%,34.5,--
2024-11-19,陌上花开,上映26天,9.7万,0.15万,<0.1%,10,<0.1%,5.1,0.1%
2024-11-19,范蠡献西施（戏曲 粤剧）,上映33天,7.0万,0.12万,<0.1%,4,<0.1%,12.5,16.1%
2024-11-19,音乐课,上映36天,31.4万,0.11万,<0.1%,4,<0.1%,13.0,5.5%
2024-11-19,踢出个未来,上映53天,132.4万,0.11万,<0.1%,1,<0.1%,45.0,--
2024-11-19,余下都是春天,,41.2万,0.10万,<0.1%,2,<0.1%,27.0,90.7%
2024-11-19,长征一家人,,13.1万,0.10万,<0.1%,1,<0.1%,21.0,18.6%
2024-11-19,阿莫阿依,,1333.2万,0.10万,<0.1%,3,<0.1%,13.7,--
2024-11-19,江南：在爱开始的地方等你,上映66天,352.4万,0.09万,<0.1%,130,<0.1%,0.2,0.2%
2024-11-19,爱情神话,,2.60亿,0.09万,<0.1%,24,<0.1%,1.1,1.2%
2024-11-19,青年邓颖超,,143.7万,0.08万,<0.1%,1,<0.1%,40.0,--
2024-11-19,奇妙萌可大电影,上映66天,1105.7万,0.06万,<0.1%,60,<0.1%,0.3,0.3%
2024-11-19,夏日心灵,上映55天,18.8万,0.06万,<0.1%,2,<0.1%,9.0,14.2%
2024-11-19,爆款好人,上映50天,2713.3万,0.05万,<0.1%,46,<0.1%,0.3,0.4%
2024-11-19,“上海少女”的三十年,上映12天,4.5万,0.05万,<0.1%,4,<0.1%,2.8,5.0%
2024-11-19,单单,上映9天,2.0万,0.05万,<0.1%,41,<0.1%,0.4,0.4%
2024-11-19,北极荒原,展映,171.4万,0.04万,<0.1%,1,<0.1%,10.0,2.9%
2024-11-19,姥姥的外孙,上映89天,1.27亿,0.03万,<0.1%,11,<0.1%,0.8,1.1%
2024-11-19,猴脸,上映84天,2.5万,0.03万,<0.1%,2,<0.1%,5.0,6.7%
2024-11-19,逆行人生,,3.59亿,0.02万,<0.1%,5,<0.1%,1.4,1.8%
2024-11-19,桃李无言,上映34天,30.1万,0.02万,<0.1%,2,<0.1%,4.0,4.3%
2024-11-19,又见米乐,上映100天,6.3万,0.02万,<0.1%,1,<0.1%,9.0,--
2024-11-19,谯国夫人,,1411.7万,0.01万,<0.1%,1,<0.1%,4.0,3.9%
2024-11-19,一竞到底,上映19天,54.6万,0.00万,<0.1%,23,<0.1%,0.1,0.1%
2024-11-19,毒液：致命守护者,,18.70亿,0.00万,<0.1%,2,<0.1%,1.0,0.8%
2024-11-19,山河故人,,3235.2万,0.00万,<0.1%,1,<0.1%,2.0,--
2024-11-19,冲撞,上映26天,8.5万,0.00万,<0.1%,2,<0.1%,1.0,1.1%
2024-11-19,魔幻奇缘之宝石公主,,813.9万,0.00万,<0.1%,3,<0.1%,0.7,0.8%
2024-11-19,走走停停,,1.02亿,0.00万,<0.1%,2,<0.1%,1.0,2.5%
2024-11-19,车库,上映61天,68.1万,0.00万,<0.1%,3,<0.1%,0.7,0.6%
2024-11-19,超级的我,,1224.0万,0.00万,<0.1%,8,<0.1%,0.1,--
2024-11-19,忠爱无言2,,87.5万,0.00万,<0.1%,2,<0.1%,0.5,--
2024-11-19,我要去远方,,125.0万,0万,<0.1%,1,<0.1%,0.0,--
2024-11-19,绑架游戏,上映39天,1615.7万,0万,<0.1%,2,<0.1%,0.0,--
2024-11-19,角斗士2,,点映,0万,<0.1%,1,<0.1%,0.0,--
2024-11-19,青蛙王子历险记,,1121.0万,0万,<0.1%,1,<0.1%,0.0,--
2024-11-19,盐湖计划,上映28天,6.3万,0万,<0.1%,12,<0.1%,0.0,0.0%
2024-11-19,单声,,184.6万,0万,<0.1%,1,<0.1%,0.0,--
2024-11-19,出入平安,上映51天,2113.1万,0万,<0.1%,1,<0.1%,0.0,--
2024-11-19,新龙门客栈（舞台纪录电影·越剧）,上映82天,611.1万,0万,<0.1%,1,<0.1%,0.0,--
2024-11-19,申纪兰,,483.3万,0万,<0.1%,1,<0.1%,0.0,--
2024-11-19,航海王：红发歌姬,,1.85亿,0万,<0.1%,1,<0.1%,0.0,--
2024-11-19,宇宙探索编辑部,,6723.1万,0万,<0.1%,1,<0.1%,0.0,--
2024-11-19,两只小猪之勇闯神秘岛,,518.0万,0万,<0.1%,1,<0.1%,0.0,--
2024-11-19,流浪地球,,46.87亿,0万,<0.1%,2,<0.1%,0.0,--
2024-11-19,与你相遇的日子,上映54天,908.1万,0万,<0.1%,6,<0.1%,0.0,--
2024-11-19,我们的岁月,,1022.3万,0万,<0.1%,1,<0.1%,0.0,--
2024-11-19,脐带,,170.0万,0万,<0.1%,2,<0.1%,0.0,--
2024-11-19,流浪地球2,,40.43亿,0万,<0.1%,4,<0.1%,0.0,--
2024-11-19,白夜书店,上映54天,1151,0万,<0.1%,1,<0.1%,0.0,--
2024-11-19,从21世纪安全撤离,,1.12亿,0万,<0.1%,1,<0.1%,0.0,--
2024-11-19,父亲在远方,,70.3万,0万,<0.1%,2,<0.1%,0.0,--
2024-11-19,绝地重生,,1117.1万,0万,<0.1%,1,<0.1%,0.0,--
2024-11-19,一雪前耻,上映66天,9385.6万,0万,<0.1%,1,<0.1%,0.0,--
2024-11-19,名侦探柯南：百万美元的五棱星,上映96天,2.86亿,0万,<0.1%,1,<0.1%,0.0,--
2024-11-19,极速阻击,,1.0万,0万,<0.1%,1,<0.1%,0.0,--
2024-11-19,猎毒行动：终极对决,上映5天,3752,0万,<0.1%,4,<0.1%,0.0,--
2024-11-19,解密,,3.34亿,0万,<0.1%,8,<0.1%,0.0,--
2024-11-19,天慕,,1066.2万,0万,<0.1%,1,<0.1%,0.0,--
2024-11-19,申纪兰,展映,5.1万,0万,<0.1%,1,<0.1%,0.0,--
2024-11-19,邓小平小道,,2742.8万,0万,<0.1%,1,<0.1%,0.0,--
2024-11-19,开国大典(下集),,10.7万,0万,<0.1%,1,<0.1%,0.0,--
2024-11-19,燃烧的巴黎圣母院,,99.7万,0万,<0.1%,1,<0.1%,0.0,--
2024-11-19,看不见的朋友,上映61天,72.9万,0万,<0.1%,1,<0.1%,0.0,--
2024-11-19,非礼勿言,上映67天,323.7万,0万,<0.1%,1,<0.1%,0.0,--
2024-11-19,魔法鼠乐园,,422.9万,0万,<0.1%,1,<0.1%,0.0,--
2024-11-19,乡见未晚,上映68天,30.1万,0万,<0.1%,2,<0.1%,0.0,--
2024-11-19,开国将帅授衔1955,,859.7万,0万,<0.1%,2,<0.1%,0.0,--
2024-11-19,八角笼中,,22.07亿,0万,<0.1%,2,<0.1%,0.0,--
2024-11-19,爸爸是外星人,,505.5万,0万,<0.1%,1,<0.1%,0.0,--
2024-11-19,金腰带,上映89天,114.8万,0万,<0.1%,1,<0.1%,0.0,--
2024-11-19,根本停不下来,展映,7.5万,0万,<0.1%,1,<0.1%,0.0,--
2024-11-19,祝你幸福！,上映66天,6008.5万,0万,<0.1%,1,<0.1%,0.0,--
2024-11-19,堡垒,,281.7万,0万,<0.1%,1,<0.1%,0.0,--
2024-11-19,与孩子一同成长,上映71天,15.1万,0万,<0.1%,1,<0.1%,0.0,--
2024-11-19,坂本龙一：杰作,,494.4万,0万,<0.1%,2,<0.1%,0.0,--
2024-11-19,清道夫,上映19天,6.9万,0万,<0.1%,9,<0.1%,0.0,--
2024-11-19,边疆军魂,,45.3万,0万,<0.1%,1,<0.1%,0.0,--
2024-11-20,胜券在握,上映6天,1.06亿,842.49万,31.2%,74278,21.8%,3.1,2.2%
2024-11-20,好东西,点映,2407.2万,550.65万,20.4%,13855,4.0%,9.2,7.8%
2024-11-20,焚城,上映20天,2.42亿,288.51万,10.7%,43084,12.6%,1.7,1.3%
2024-11-20,毒液：最后一舞,上映29天,6.53亿,270.45万,10.0%,48760,14.3%,1.4,1.0%
2024-11-20,鸳鸯楼·惊魂,上映21天,8674.7万,212.37万,7.8%,31363,9.2%,2.0,2.0%
2024-11-20,那个不为人知的故事,上映12天,1.10亿,98.68万,3.6%,28119,8.2%,0.8,0.8%
2024-11-20,哈利·波特与混血王子,,1.79亿,89.68万,3.3%,12290,3.6%,1.8,1.0%
2024-11-20,志愿军：存亡之战,上映52天,11.96亿,81.79万,3.0%,6552,1.9%,3.2,3.3%
2024-11-20,海上钢琴师,,1.50亿,37.76万,1.4%,8021,2.3%,1.2,1.2%
2024-11-20,我谈的那场恋爱,上映6天,542.2万,31.19万,1.1%,11645,3.4%,0.7,0.7%
2024-11-20,戴假发的人,上映5天,392.3万,20.56万,0.7%,13565,3.9%,0.4,0.4%
2024-11-20,红色一号：冬日行动,上映13天,2083.8万,17.01万,0.6%,5024,1.4%,0.9,0.8%
2024-11-20,火影忍者剧场版：忍者之路,上映12天,2939.0万,15.97万,0.5%,10642,3.1%,0.4,0.4%
2024-11-20,乔妍的心事,上映26天,1.50亿,13.51万,0.5%,5718,1.6%,0.6,0.6%
2024-11-20,完美的日子,上映6天,145.4万,11.66万,0.4%,527,0.1%,5.1,4.6%
2024-11-20,哈利·波特与凤凰社,,1.72亿,10.87万,0.4%,1892,0.5%,1.4,1.1%
2024-11-20,熊猫计划,上映51天,3.05亿,9.32万,0.3%,3653,1.0%,1.5,0.8%
2024-11-20,这个杀手不太冷,上映20天,1680.4万,8.57万,0.3%,1621,0.4%,1.4,1.3%
2024-11-20,蓦然回首,上映26天,5271.5万,8.27万,0.3%,3235,0.9%,0.7,0.6%
2024-11-20,出发,,661.6万,7.27万,0.2%,18,<0.1%,113.3,13.6%
2024-11-20,里斯本丸沉没,上映76天,4527.3万,5.82万,0.2%,249,<0.1%,7.3,4.7%
2024-11-20,女人世界,上映16天,142.7万,5.72万,0.2%,875,0.2%,1.7,1.7%
2024-11-20,与你相遇的日子,上映55天,913.6万,5.48万,0.2%,38,<0.1%,39.1,16.2%
2024-11-20,爱你很久很久,上映20天,1979.0万,5.15万,0.1%,1745,0.5%,0.8,0.7%
2024-11-20,最后的里程,上映12天,661.9万,4.71万,0.1%,1353,0.3%,0.9,0.9%
2024-11-20,古宅谜案,上映6天,79.6万,4.30万,0.1%,2536,0.7%,0.5,0.5%
2024-11-20,哈利·波特与火焰杯,,1.28亿,3.74万,0.1%,628,0.1%,1.5,1.2%
2024-11-20,老枪,上映20天,546.0万,2.78万,0.1%,1154,0.3%,0.7,0.6%
2024-11-20,只此青绿,上映51天,5151.3万,1.93万,<0.1%,556,0.1%,0.8,0.8%
2024-11-20,哈利·波特与阿兹卡班的囚徒,,8123.1万,1.92万,<0.1%,396,0.1%,1.2,1.1%
2024-11-20,苍穹,展映,2828.5万,1.61万,<0.1%,6,<0.1%,67.3,--
2024-11-20,门前宝地,上映62天,201.0万,1.60万,<0.1%,6,<0.1%,73.3,--
2024-11-20,海绵宝宝：拯救比奇堡,上映34天,3136.6万,1.49万,<0.1%,1172,0.3%,0.4,0.3%
2024-11-20,伟大征程,上映21天,37.7万,1.37万,<0.1%,1741,0.5%,0.2,0.1%
2024-11-20,风流一代,点映,25.4万,1.28万,<0.1%,3,<0.1%,115.7,93.8%
2024-11-20,望道,,8202.7万,0.94万,<0.1%,3,<0.1%,103.7,76.8%
2024-11-20,夹缝之间,上映13天,75.3万,0.92万,<0.1%,352,0.1%,0.8,0.6%
2024-11-20,变形金刚：起源,上映55天,1.51亿,0.88万,<0.1%,606,0.1%,0.4,0.4%
2024-11-20,危机航线,上映52天,3.00亿,0.87万,<0.1%,484,0.1%,0.5,0.4%
2024-11-20,大突围,点映,69.3万,0.78万,<0.1%,38,<0.1%,5.7,2.3%
2024-11-20,密室逃脱,上映34天,424.9万,0.75万,<0.1%,36,<0.1%,7.0,6.5%
2024-11-20,哈利·波特与魔法石,,3.24亿,0.66万,<0.1%,128,<0.1%,1.4,1.3%
2024-11-20,冬天没有童话,,36.3万,0.60万,<0.1%,2,<0.1%,100.0,--
2024-11-20,你是我的英雄,,1119.6万,0.58万,<0.1%,9,<0.1%,21.6,19.8%
2024-11-20,哈利·波特与密室,,9696.5万,0.56万,<0.1%,129,<0.1%,1.1,1.1%
2024-11-20,云上的云,上映34天,1104.4万,0.54万,<0.1%,15,<0.1%,14.5,5.4%
2024-11-20,凤鸣飞天,上映22天,13.7万,0.39万,<0.1%,9,<0.1%,14.7,12.9%
2024-11-20,出走的决心,上映67天,1.23亿,0.38万,<0.1%,133,<0.1%,0.8,0.8%
2024-11-20,西府游击队,上映首日,3558,0.35万,<0.1%,42,<0.1%,2.3,1.4%
2024-11-20,小丑2：双重妄想,上映36天,5405.9万,0.34万,<0.1%,118,<0.1%,0.7,0.7%
2024-11-20,邓小平小道,,2743.1万,0.31万,<0.1%,4,<0.1%,20.3,17.2%
2024-11-20,非洲：塞伦盖蒂国家公园,,17.3万,0.30万,<0.1%,1,<0.1%,100.0,--
2024-11-20,熊猫盼盼,展映,54.0万,0.30万,<0.1%,1,<0.1%,100.0,--
2024-11-20,荧屏奇遇,,16.5万,0.30万,<0.1%,1,<0.1%,100.0,--
2024-11-20,一江清水,上映19天,12.4万,0.29万,<0.1%,21,<0.1%,4.4,--
2024-11-20,开国宴风云,上映62天,55.4万,0.28万,<0.1%,4,<0.1%,25.8,47.9%
2024-11-20,浴火之路,上映51天,4.61亿,0.27万,<0.1%,232,<0.1%,0.3,0.2%
2024-11-20,开国大典(上集),,95.3万,0.27万,<0.1%,4,<0.1%,29.8,60.0%
2024-11-20,浙南儿女英雄传之热血长虹,,100.6万,0.26万,<0.1%,1,<0.1%,75.0,10.8%
2024-11-20,断线之后,,22.0万,0.26万,<0.1%,1,<0.1%,130.0,--
2024-11-20,我要当老师,,1305.9万,0.25万,<0.1%,3,<0.1%,28.3,37.0%
2024-11-20,康熙与路易十四,,217.2万,0.24万,<0.1%,2,<0.1%,30.0,17.0%
2024-11-20,逆行人生,,3.59亿,0.22万,<0.1%,7,<0.1%,7.3,14.5%
2024-11-20,749局,上映51天,3.75亿,0.21万,<0.1%,135,<0.1%,0.5,0.6%
2024-11-20,爆款好人,上映51天,2713.5万,0.19万,<0.1%,40,<0.1%,1.1,0.5%
2024-11-20,开国大典,,4.3万,0.16万,<0.1%,3,<0.1%,14.0,54.8%
2024-11-20,新大头儿子和小头爸爸6：迷你大冒险,上映51天,2815.4万,0.16万,<0.1%,317,<0.1%,0.2,0.1%
2024-11-20,荒野机器人,上映62天,5168.6万,0.15万,<0.1%,78,<0.1%,0.5,0.6%
2024-11-20,范蠡献西施（戏曲 粤剧）,上映34天,7.1万,0.12万,<0.1%,4,<0.1%,12.5,16.1%
2024-11-20,陌上花开,上映27天,9.8万,0.10万,<0.1%,11,<0.1%,3.6,1.3%
2024-11-20,唤醒者,,520.2万,0.10万,<0.1%,1,<0.1%,40.0,--
2024-11-20,爱情神话,,2.60亿,0.09万,<0.1%,19,<0.1%,1.4,1.6%
2024-11-20,“上海少女”的三十年,上映13天,4.6万,0.09万,<0.1%,5,<0.1%,5.0,5.7%
2024-11-20,草原的夏天,,15.5万,0.09万,<0.1%,1,<0.1%,31.0,--
2024-11-20,奇妙萌可大电影,上映67天,1105.8万,0.09万,<0.1%,57,<0.1%,0.5,0.5%
2024-11-20,一片绿洲,,3.5万,0.08万,<0.1%,1,<0.1%,29.0,49.1%
2024-11-20,姥姥的外孙,上映90天,1.27亿,0.08万,<0.1%,14,<0.1%,1.6,2.4%
2024-11-20,一生交给党,,338.0万,0.08万,<0.1%,3,<0.1%,11.3,--
2024-11-20,夏日心灵,上映56天,18.9万,0.07万,<0.1%,3,<0.1%,7.0,--
2024-11-20,江南：在爱开始的地方等你,上映67天,352.4万,0.06万,<0.1%,134,<0.1%,0.1,0.1%
2024-11-20,青年邓颖超,,143.8万,0.05万,<0.1%,2,<0.1%,12.5,--
2024-11-20,猴脸,上映85天,2.5万,0.03万,<0.1%,2,<0.1%,5.0,6.7%
2024-11-20,光之子,上映32天,24.4万,0.02万,<0.1%,5,<0.1%,1.2,1.9%
2024-11-20,追鱼,展映,4.9万,0.02万,<0.1%,1,<0.1%,23.0,--
2024-11-20,单单,上映10天,2.0万,0.02万,<0.1%,40,<0.1%,0.2,0.2%
2024-11-20,北极荒原,展映,171.4万,0.02万,<0.1%,1,<0.1%,5.0,1.4%
2024-11-20,青春之旅,上映首日,159,0.01万,<0.1%,48,<0.1%,0.1,0.1%
2024-11-20,超级的我,,1224.0万,0.01万,<0.1%,8,<0.1%,0.6,--
2024-11-20,开国将帅授衔1955,,859.7万,0.01万,<0.1%,2,<0.1%,2.0,--
2024-11-20,苏武牧羊（戏曲·豫剧）,展映,4.5万,0.01万,<0.1%,1,<0.1%,7.0,7.0%
2024-11-20,爱乐之城,,2.79亿,0.00万,<0.1%,1,<0.1%,3.0,--
2024-11-20,小倩,点映,51.8万,0.00万,<0.1%,5,<0.1%,0.4,0.6%
2024-11-20,睿王与庄妃,,2.3万,0.00万,<0.1%,1,<0.1%,2.0,2.2%
2024-11-20,山河故人,,3235.2万,0.00万,<0.1%,1,<0.1%,2.0,--
2024-11-20,魔幻奇缘之宝石公主,,813.9万,0.00万,<0.1%,3,<0.1%,0.7,0.8%
2024-11-20,坂本龙一：杰作,,494.4万,0.00万,<0.1%,1,<0.1%,2.0,2.5%
2024-11-20,堡垒,,281.7万,0.00万,<0.1%,1,<0.1%,1.0,2.5%
2024-11-20,猎毒行动：终极对决,上映6天,3782,0.00万,<0.1%,3,<0.1%,0.3,--
2024-11-20,盐湖计划,上映29天,6.3万,0.00万,<0.1%,12,<0.1%,<0.1,0.1%
2024-11-20,你是我的冠军,上映首日,20,0.00万,<0.1%,10,<0.1%,0.1,--
2024-11-20,洛神,,6.9万,0.00万,<0.1%,1,<0.1%,2.0,1.8%
2024-11-20,忠爱无言2,,87.5万,0.00万,<0.1%,1,<0.1%,1.0,--
2024-11-20,我要去远方,,125.0万,0万,<0.1%,1,<0.1%,0.0,--
2024-11-20,一江春水,,225.5万,0万,<0.1%,1,<0.1%,0.0,--
2024-11-20,走走停停,,1.02亿,0万,<0.1%,2,<0.1%,0.0,--
2024-11-20,绑架游戏,上映40天,1615.7万,0万,<0.1%,1,<0.1%,0.0,--
2024-11-20,大场面,上映67天,1245.2万,0万,<0.1%,1,<0.1%,0.0,--
2024-11-20,青蛙王子历险记,,1121.0万,0万,<0.1%,1,<0.1%,0.0,--
2024-11-20,我，就是风!,,1222.0万,0万,<0.1%,2,<0.1%,0.0,--
2024-11-20,冲撞,上映27天,8.5万,0万,<0.1%,1,<0.1%,0.0,--
2024-11-20,三湾改编,,5427.3万,0万,<0.1%,1,<0.1%,0.0,--
2024-11-20,抗战中的文艺（舞台纪录电影·话剧）,,15.8万,0万,<0.1%,1,<0.1%,0.0,--
2024-11-20,毒液：致命守护者,,18.70亿,0万,<0.1%,2,<0.1%,0.0,--
2024-11-20,申纪兰,,483.3万,0万,<0.1%,5,<0.1%,0.0,--
2024-11-20,宇宙探索编辑部,,6723.1万,0万,<0.1%,1,<0.1%,0.0,--
2024-11-20,航海王：红发歌姬,,1.85亿,0万,<0.1%,1,<0.1%,0.0,--
2024-11-20,两只小猪之勇闯神秘岛,,518.0万,0万,<0.1%,1,<0.1%,0.0,--
2024-11-20,流浪地球,,46.87亿,0万,<0.1%,2,<0.1%,0.0,--
2024-11-20,中国机长,,29.13亿,0万,<0.1%,1,<0.1%,0.0,--
2024-11-20,我们的岁月,,1022.3万,0万,<0.1%,1,<0.1%,0.0,--
2024-11-20,醒来2,,381.7万,0万,<0.1%,1,<0.1%,0.0,--
2024-11-20,脐带,,170.0万,0万,<0.1%,1,<0.1%,0.0,--
2024-11-20,钢铁意志,,1.03亿,0万,<0.1%,1,<0.1%,0.0,--
2024-11-20,检察风云,,6183.0万,0万,<0.1%,1,<0.1%,0.0,--
2024-11-20,流浪地球2,,40.43亿,0万,<0.1%,2,<0.1%,0.0,--
2024-11-20,白夜书店,上映55天,1151,0万,<0.1%,1,<0.1%,0.0,--
2024-11-20,哈利·波特与死亡圣器（上),,1.20亿,0万,<0.1%,1,<0.1%,0.0,--
2024-11-20,从21世纪安全撤离,,1.12亿,0万,<0.1%,1,<0.1%,0.0,--
2024-11-20,绝地重生,,1117.1万,0万,<0.1%,1,<0.1%,0.0,--
2024-11-20,一雪前耻,上映67天,9385.6万,0万,<0.1%,1,<0.1%,0.0,--
2024-11-20,龙神之子,,200.6万,0万,<0.1%,1,<0.1%,0.0,--
2024-11-20,名侦探柯南：百万美元的五棱星,上映97天,2.86亿,0万,<0.1%,1,<0.1%,0.0,--
2024-11-20,极速阻击,,1.0万,0万,<0.1%,1,<0.1%,0.0,--
2024-11-20,音乐课,上映37天,31.4万,0万,<0.1%,2,<0.1%,0.0,--
2024-11-20,解密,,3.34亿,0万,<0.1%,8,<0.1%,0.0,--
2024-11-20,申纪兰,展映,5.1万,0万,<0.1%,1,<0.1%,0.0,--
2024-11-20,看不见的朋友,上映62天,72.9万,0万,<0.1%,1,<0.1%,0.0,--
2024-11-20,生死坚守,,94.3万,0万,<0.1%,1,<0.1%,0.0,--
2024-11-20,谁持彩练当空舞,,616.4万,0万,<0.1%,2,<0.1%,0.0,--
2024-11-20,倒仓,上映89天,327.1万,0万,<0.1%,1,<0.1%,0.0,--
2024-11-20,孤军,,3206.0万,0万,<0.1%,2,<0.1%,0.0,--
2024-11-20,乡见未晚,上映69天,30.1万,0万,<0.1%,2,<0.1%,0.0,--
2024-11-20,八角笼中,,22.07亿,0万,<0.1%,2,<0.1%,0.0,--
2024-11-20,根本停不下来,展映,7.5万,0万,<0.1%,2,<0.1%,0.0,--
2024-11-20,祝你幸福！,上映67天,6008.5万,0万,<0.1%,1,<0.1%,0.0,--
2024-11-20,阿莫阿依,,1333.2万,0万,<0.1%,1,<0.1%,0.0,--
2024-11-20,不想和你有遗憾,,点映,0万,<0.1%,2,<0.1%,0.0,--
2024-11-20,清道夫,上映20天,6.9万,0万,<0.1%,9,<0.1%,0.0,--
2024-11-20,王牌二哈,,311.5万,0万,<0.1%,1,<0.1%,0.0,--
2024-11-20,一竞到底,上映20天,54.6万,0万,<0.1%,21,<0.1%,0.0,--
2024-11-21,胜券在握,上映7天,1.14亿,792.74万,30.2%,74770,22.0%,2.9,2.0%
2024-11-21,好东西,点映,2986.1万,578.86万,22.0%,15391,4.5%,8.7,7.3%
2024-11-21,焚城,上映21天,2.44亿,267.75万,10.2%,43023,12.6%,1.5,1.2%
2024-11-21,毒液：最后一舞,上映30天,6.56亿,248.49万,9.4%,48390,14.2%,1.3,0.9%
2024-11-21,鸳鸯楼·惊魂,上映22天,8877.6万,202.86万,7.7%,31625,9.3%,1.9,1.9%
2024-11-21,那个不为人知的故事,上映13天,1.11亿,100.48万,3.8%,27640,8.1%,0.8,0.7%
2024-11-21,哈利·波特与混血王子,,1.80亿,85.01万,3.2%,12039,3.5%,1.7,1.0%
2024-11-21,志愿军：存亡之战,上映53天,11.96亿,84.20万,3.2%,6707,1.9%,3.2,3.3%
2024-11-21,海上钢琴师,,1.50亿,34.82万,1.3%,7782,2.2%,1.2,1.1%
2024-11-21,我谈的那场恋爱,上映7天,569.3万,27.12万,1.0%,11259,3.3%,0.7,0.6%
2024-11-21,戴假发的人,上映6天,408.9万,16.62万,0.6%,12855,3.7%,0.4,0.3%
2024-11-21,红色一号：冬日行动,上映14天,2099.6万,15.87万,0.6%,4971,1.4%,0.8,0.7%
2024-11-21,火影忍者剧场版：忍者之路,上映13天,2954.2万,15.19万,0.5%,10499,3.0%,0.4,0.4%
2024-11-21,乔妍的心事,上映27天,1.51亿,13.13万,0.5%,5745,1.6%,0.6,0.6%
2024-11-21,出发,,673.5万,11.93万,0.4%,30,<0.1%,125.7,21.3%
2024-11-21,哈利·波特与凤凰社,,1.73亿,10.22万,0.3%,1850,0.5%,1.4,1.0%
2024-11-21,完美的日子,上映7天,154.3万,8.90万,0.3%,501,0.1%,3.9,3.4%
2024-11-21,这个杀手不太冷,上映21天,1688.7万,8.29万,0.3%,1603,0.4%,1.3,1.3%
2024-11-21,风流一代,点映,33.6万,8.17万,0.3%,9,<0.1%,178.8,46.6%
2024-11-21,蓦然回首,上映27天,5279.5万,8.04万,0.3%,3227,0.9%,0.7,0.6%
2024-11-21,与你相遇的日子,上映56天,919.1万,5.51万,0.2%,38,<0.1%,39.3,21.2%
2024-11-21,熊猫计划,上映52天,3.05亿,4.88万,0.1%,3500,1.0%,0.4,0.4%
2024-11-21,最后的里程,上映13天,666.6万,4.74万,0.1%,1357,0.4%,0.9,0.9%
2024-11-21,里斯本丸沉没,上映77天,4531.9万,4.53万,0.1%,251,<0.1%,5.6,1.8%
2024-11-21,爱你很久很久,上映21天,1983.2万,4.15万,0.1%,1742,0.5%,0.6,0.7%
2024-11-21,古宅谜案,上映7天,83.5万,3.96万,0.1%,2371,0.6%,0.5,0.5%
2024-11-21,哈利·波特与火焰杯,,1.28亿,3.54万,0.1%,591,0.1%,1.4,1.2%
2024-11-21,老枪,上映21天,549.4万,3.42万,0.1%,1136,0.3%,0.8,0.9%
2024-11-21,哈利·波特与死亡圣器（上),,1.20亿,3.18万,0.1%,159,<0.1%,4.3,1.8%
2024-11-21,女人世界,上映17天,145.5万,2.85万,0.1%,689,0.2%,1.2,0.8%
2024-11-21,苍穹,展映,2830.8万,2.26万,<0.1%,6,<0.1%,94.5,--
2024-11-21,只此青绿,上映52天,5153.5万,2.18万,<0.1%,584,0.1%,0.9,0.9%
2024-11-21,哈利·波特与阿兹卡班的囚徒,,8125.2万,2.05万,<0.1%,370,0.1%,1.4,1.4%
2024-11-21,门前宝地,上映63天,202.7万,1.67万,<0.1%,4,<0.1%,114.3,--
2024-11-21,你是我的英雄,,1121.3万,1.61万,<0.1%,18,<0.1%,29.3,5.7%
2024-11-21,大突围,点映,70.7万,1.43万,<0.1%,41,<0.1%,10.0,5.5%
2024-11-21,邓小平小道,,2744.5万,1.41万,<0.1%,4,<0.1%,70.8,52.5%
2024-11-21,危机航线,上映53天,3.00亿,1.38万,<0.1%,495,0.1%,0.7,0.5%
2024-11-21,海绵宝宝：拯救比奇堡,上映35天,3137.8万,1.17万,<0.1%,1239,0.3%,0.3,0.3%
2024-11-21,密室逃脱,上映35天,425.8万,0.93万,<0.1%,34,<0.1%,9.1,9.6%
2024-11-21,伟大征程,上映22天,38.6万,0.87万,<0.1%,1633,0.4%,0.2,0.0%
2024-11-21,边疆军魂,,46.0万,0.77万,<0.1%,8,<0.1%,48.6,28.1%
2024-11-21,哈利·波特与魔法石,,3.24亿,0.74万,<0.1%,123,<0.1%,1.5,1.5%
2024-11-21,小倩,点映,52.5万,0.73万,<0.1%,7,<0.1%,27.7,22.4%
2024-11-21,唤醒者,,520.9万,0.70万,<0.1%,5,<0.1%,44.2,52.0%
2024-11-21,云上的云,上映35天,1105.1万,0.68万,<0.1%,14,<0.1%,19.2,18.7%
2024-11-21,孤军,,3206.6万,0.66万,<0.1%,9,<0.1%,29.3,19.3%
2024-11-21,变形金刚：起源,上映56天,1.51亿,0.64万,<0.1%,581,0.1%,0.3,0.2%
2024-11-21,哈利·波特与密室,,9697.2万,0.63万,<0.1%,129,<0.1%,1.2,1.2%
2024-11-21,冬天没有童话,,36.9万,0.60万,<0.1%,2,<0.1%,100.0,--
2024-11-21,金钱堡垒,零点场,2.3万,0.58万,<0.1%,43,<0.1%,2.7,1.9%
2024-11-21,清道夫,上映21天,7.4万,0.51万,<0.1%,9,<0.1%,16.2,--
2024-11-21,超级的我,,1224.5万,0.50万,<0.1%,8,<0.1%,20.9,--
2024-11-21,康熙与路易十四,,217.7万,0.48万,<0.1%,2,<0.1%,59.0,10.8%
2024-11-21,出走的决心,上映68天,1.23亿,0.48万,<0.1%,150,<0.1%,1.0,0.9%
2024-11-21,749局,上映52天,3.75亿,0.44万,<0.1%,158,<0.1%,0.9,0.6%
2024-11-21,小丑2：双重妄想,上映37天,5406.3万,0.41万,<0.1%,125,<0.1%,0.8,1.0%
2024-11-21,凤鸣飞天,上映23天,14.1万,0.40万,<0.1%,12,<0.1%,11.3,6.7%
2024-11-21,熊猫盼盼,展映,54.3万,0.35万,<0.1%,1,<0.1%,117.0,--
2024-11-21,夹缝之间,上映14天,75.6万,0.34万,<0.1%,356,0.1%,0.3,0.2%
2024-11-21,开国宴风云,上映63天,55.8万,0.34万,<0.1%,4,<0.1%,31.8,50.7%
2024-11-21,一生交给党,,338.3万,0.33万,<0.1%,4,<0.1%,23.5,27.0%
2024-11-21,单声,,185.0万,0.31万,<0.1%,3,<0.1%,53.0,--
2024-11-21,草原的夏天,,15.8万,0.30万,<0.1%,1,<0.1%,100.0,--
2024-11-21,非洲：塞伦盖蒂国家公园,,17.6万,0.30万,<0.1%,1,<0.1%,100.0,--
2024-11-21,荧屏奇遇,,16.8万,0.30万,<0.1%,1,<0.1%,100.0,--
2024-11-21,青年邓颖超,,144.1万,0.27万,<0.1%,4,<0.1%,34.8,--
2024-11-21,西府游击队,上映2天,6337,0.27万,<0.1%,36,<0.1%,2.3,2.7%
2024-11-21,一江清水,上映20天,12.7万,0.27万,<0.1%,20,<0.1%,4.3,--
2024-11-21,浴火之路,上映52天,4.61亿,0.26万,<0.1%,224,<0.1%,0.3,0.3%
2024-11-21,一代人师严修,上映73天,10.6万,0.24万,<0.1%,2,<0.1%,41.5,52.8%
2024-11-21,新大头儿子和小头爸爸6：迷你大冒险,上映52天,2815.6万,0.22万,<0.1%,313,<0.1%,0.2,0.1%
2024-11-21,乡见未晚,上映70天,30.3万,0.21万,<0.1%,4,<0.1%,21.0,--
2024-11-21,奔跑吧，麋鹿,上映78天,32.7万,0.15万,<0.1%,1,<0.1%,50.0,47.6%
2024-11-21,荒野机器人,上映63天,5168.8万,0.13万,<0.1%,77,<0.1%,0.5,0.5%
2024-11-21,范蠡献西施（戏曲 粤剧）,上映35天,7.3万,0.12万,<0.1%,6,<0.1%,8.5,0.1%
2024-11-21,周立波回清溪,,1056.5万,0.10万,<0.1%,1,<0.1%,41.0,49.3%
2024-11-21,江南：在爱开始的地方等你,上映68天,352.5万,0.09万,<0.1%,136,<0.1%,0.2,0.1%
2024-11-21,我要当老师,,1306.0万,0.08万,<0.1%,2,<0.1%,13.5,--
2024-11-21,爱情神话,,2.60亿,0.06万,<0.1%,24,<0.1%,0.7,0.8%
2024-11-21,奇妙萌可大电影,上映68天,1105.8万,0.06万,<0.1%,63,<0.1%,0.3,0.2%
2024-11-21,猴脸,上映86天,2.6万,0.06万,<0.1%,3,<0.1%,6.7,--
2024-11-21,夏日心灵,上映57天,18.9万,0.05万,<0.1%,3,<0.1%,5.7,--
2024-11-21,开国将帅授衔1955,,859.7万,0.05万,<0.1%,2,<0.1%,8.5,--
2024-11-21,反腐枪声,,11.7万,0.05万,<0.1%,1,<0.1%,28.0,--
2024-11-21,巡察,,13.4万,0.05万,<0.1%,1,<0.1%,28.0,--
2024-11-21,逆行人生,,3.59亿,0.05万,<0.1%,4,<0.1%,3.3,2.5%
2024-11-21,“上海少女”的三十年,上映14天,4.7万,0.05万,<0.1%,3,<0.1%,3.3,5.4%
2024-11-21,望道,,8202.7万,0.04万,<0.1%,1,<0.1%,13.0,14.7%
2024-11-21,姥姥的外孙,上映91天,1.27亿,0.04万,<0.1%,14,<0.1%,0.7,1.0%
2024-11-21,山河故人,,3235.2万,0.04万,<0.1%,1,<0.1%,14.0,--
2024-11-21,北极荒原,展映,171.5万,0.03万,<0.1%,1,<0.1%,9.0,2.6%
2024-11-21,失恋33天,,3.02亿,0.03万,<0.1%,1,<0.1%,41.0,97.6%
2024-11-21,泪光中的妈妈,,138.7万,0.03万,<0.1%,1,<0.1%,11.0,--
2024-11-21,开国大典(上集),,95.3万,0.03万,<0.1%,1,<0.1%,11.0,1.3%
2024-11-21,单单,上映11天,2.1万,0.03万,<0.1%,40,<0.1%,0.3,0.3%
2024-11-21,爱乐之城,,2.79亿,0.02万,<0.1%,2,<0.1%,5.0,12.9%
2024-11-21,带彩球的帐篷,,8.0万,0.01万,<0.1%,1,<0.1%,2.0,4.0%
2024-11-21,蜡笔小新：我们的恐龙日记,点映,8.1万,0.01万,<0.1%,1,<0.1%,4.0,6.0%
2024-11-21,踢出个未来,上映55天,132.4万,0.01万,<0.1%,1,<0.1%,6.0,17.6%
2024-11-21,爆款好人,上映52天,2713.5万,0.01万,<0.1%,34,<0.1%,<0.1,0.1%
2024-11-21,坂本龙一：杰作,,494.4万,0.01万,<0.1%,2,<0.1%,1.5,--
2024-11-21,一竞到底,上映21天,54.6万,0.00万,<0.1%,18,<0.1%,0.2,0.2%
2024-11-21,你是我的冠军,上映2天,96,0.00万,<0.1%,7,<0.1%,0.4,0.4%
2024-11-21,猎毒行动：终极对决,上映7天,3812,0.00万,<0.1%,7,<0.1%,0.1,--
2024-11-21,魔幻奇缘之宝石公主,,813.9万,0.00万,<0.1%,2,<0.1%,0.5,--
2024-11-21,忠爱无言2,,87.5万,0.00万,<0.1%,2,<0.1%,0.5,--
2024-11-21,我要去远方,,125.0万,0万,<0.1%,8,<0.1%,0.0,--
2024-11-21,一江春水,,225.5万,0万,<0.1%,1,<0.1%,0.0,--
2024-11-21,开国大典,,4.3万,0万,<0.1%,1,<0.1%,0.0,--
2024-11-21,浏阳河上,,236.8万,0万,<0.1%,1,<0.1%,0.0,--
2024-11-21,走走停停,,1.02亿,0万,<0.1%,1,<0.1%,0.0,--
2024-11-21,潜艇总动员：环游地球80天,,5261.5万,0万,<0.1%,1,<0.1%,0.0,--
2024-11-21,陌上花开,上映28天,9.8万,0万,<0.1%,11,<0.1%,0.0,--
2024-11-21,青蛙王子历险记,,1121.0万,0万,<0.1%,1,<0.1%,0.0,--
2024-11-21,盐湖计划,上映30天,6.3万,0万,<0.1%,11,<0.1%,0.0,--
2024-11-21,我，就是风!,,1222.0万,0万,<0.1%,1,<0.1%,0.0,--
2024-11-21,冲撞,上映28天,8.5万,0万,<0.1%,2,<0.1%,0.0,--
2024-11-21,毒液：致命守护者,,18.70亿,0万,<0.1%,2,<0.1%,0.0,--
2024-11-21,这个杀手不太冷静,,26.27亿,0万,<0.1%,1,<0.1%,0.0,--
2024-11-21,申纪兰,,483.3万,0万,<0.1%,5,<0.1%,0.0,--
2024-11-21,航海王：红发歌姬,,1.85亿,0万,<0.1%,1,<0.1%,0.0,--
2024-11-21,宇宙探索编辑部,,6723.1万,0万,<0.1%,1,<0.1%,0.0,--
2024-11-21,两只小猪之勇闯神秘岛,,518.0万,0万,<0.1%,1,<0.1%,0.0,--
2024-11-21,流浪地球,,46.87亿,0万,<0.1%,3,<0.1%,0.0,--
2024-11-21,工会主席,,展映,0万,<0.1%,1,<0.1%,0.0,--
2024-11-21,梦想森林,,7.5万,0万,<0.1%,1,<0.1%,0.0,--
2024-11-21,中国机长,,29.13亿,0万,<0.1%,1,<0.1%,0.0,--
2024-11-21,我们的岁月,,1022.3万,0万,<0.1%,1,<0.1%,0.0,--
2024-11-21,醒来2,,381.7万,0万,<0.1%,1,<0.1%,0.0,--
2024-11-21,脐带,,170.0万,0万,<0.1%,1,<0.1%,0.0,--
2024-11-21,流浪地球2,,40.43亿,0万,<0.1%,2,<0.1%,0.0,--
2024-11-21,原脑：坏死区,,展映,0万,<0.1%,1,<0.1%,0.0,--
2024-11-21,西瓜队,,4730,0万,<0.1%,1,<0.1%,0.0,--
2024-11-21,白夜书店,上映56天,1151,0万,<0.1%,1,<0.1%,0.0,--
2024-11-21,从21世纪安全撤离,,1.12亿,0万,<0.1%,1,<0.1%,0.0,--
2024-11-21,青春之旅,上映2天,159,0万,<0.1%,3,<0.1%,0.0,--
2024-11-21,一雪前耻,上映68天,9385.6万,0万,<0.1%,2,<0.1%,0.0,--
2024-11-21,龙神之子,,200.6万,0万,<0.1%,1,<0.1%,0.0,--
2024-11-21,名侦探柯南：百万美元的五棱星,上映98天,2.86亿,0万,<0.1%,1,<0.1%,0.0,--
2024-11-21,极速阻击,,1.0万,0万,<0.1%,1,<0.1%,0.0,--
2024-11-21,音乐课,上映38天,31.4万,0万,<0.1%,5,<0.1%,0.0,--
2024-11-21,脑洞大开,上映76天,442.6万,0万,<0.1%,1,<0.1%,0.0,--
2024-11-21,解密,,3.34亿,0万,<0.1%,8,<0.1%,0.0,--
2024-11-21,青蛙王子历险记2,,401.1万,0万,<0.1%,1,<0.1%,0.0,--
2024-11-21,光之子,上映33天,24.4万,0万,<0.1%,3,<0.1%,0.0,--
2024-11-21,申纪兰,展映,5.1万,0万,<0.1%,1,<0.1%,0.0,--
2024-11-21,狮子吼,上映55天,2.3万,0万,<0.1%,1,<0.1%,0.0,0.8%
2024-11-21,燃烧的巴黎圣母院,,99.7万,0万,<0.1%,2,<0.1%,0.0,--
2024-11-21,看不见的朋友,上映63天,72.9万,0万,<0.1%,1,<0.1%,0.0,--
2024-11-21,生死坚守,,94.3万,0万,<0.1%,1,<0.1%,0.0,--
2024-11-21,疯狂丑小鸭,,2344.1万,0万,<0.1%,1,<0.1%,0.0,--
2024-11-21,谁持彩练当空舞,,616.4万,0万,<0.1%,1,<0.1%,0.0,--
2024-11-21,倒仓,上映90天,327.1万,0万,<0.1%,1,<0.1%,0.0,--
2024-11-21,宇宙护卫队：风暴力量,,2013.2万,0万,<0.1%,1,<0.1%,0.0,--
2024-11-21,八角笼中,,22.07亿,0万,<0.1%,2,<0.1%,0.0,--
2024-11-21,加菲猫家族,,1.84亿,0万,<0.1%,1,<0.1%,0.0,--
2024-11-21,根本停不下来,展映,7.5万,0万,<0.1%,2,<0.1%,0.0,--
2024-11-21,祝你幸福！,上映68天,6008.5万,0万,<0.1%,1,<0.1%,0.0,--
2024-11-21,阿莫阿依,,1333.2万,0万,<0.1%,1,<0.1%,0.0,--
2024-11-21,与孩子一同成长,上映73天,15.1万,0万,<0.1%,1,<0.1%,0.0,--
2024-11-21,异形：夺命舰,上映98天,7.86亿,0万,<0.1%,1,<0.1%,0.0,--
2024-11-21,致敬英雄,,368.2万,0万,<0.1%,1,<0.1%,0.0,--
2024-11-22,好东西,上映首日,5530.8万,2544.72万,41.6%,105742,28.5%,5.8,4.5%
2024-11-22,胜券在握,上映8天,1.22亿,855.70万,13.9%,63999,17.2%,3.6,3.0%
2024-11-22,角斗士2,上映首日,617.0万,617.03万,10.0%,44863,12.0%,3.3,2.5%
2024-11-22,蜡笔小新：我们的恐龙日记,点映,458.1万,450.03万,7.3%,14714,3.9%,8.4,7.4%
2024-11-22,哈利·波特与死亡圣器（上),,1.25亿,419.15万,6.8%,13707,3.6%,7.4,4.4%
2024-11-22,鸳鸯楼·惊魂,上映23天,9111.7万,234.13万,3.8%,18918,5.0%,3.8,3.8%
2024-11-22,毒液：最后一舞,上映31天,6.58亿,213.35万,3.4%,22233,5.9%,2.4,1.9%
2024-11-22,焚城,上映22天,2.46亿,181.39万,2.9%,17616,4.7%,2.6,2.3%
2024-11-22,风流一代,上映首日,179.5万,145.92万,2.3%,20894,5.6%,1.8,1.8%
2024-11-22,志愿军：存亡之战,上映54天,11.98亿,123.45万,2.0%,3410,0.9%,9.4,10.8%
2024-11-22,金钱堡垒,上映首日,85.7万,83.44万,1.3%,14172,3.8%,1.6,1.7%
2024-11-22,那个不为人知的故事,上映14天,1.11亿,36.06万,0.5%,7671,2.0%,1.2,1.1%
2024-11-22,哈利·波特与混血王子,,1.80亿,23.26万,0.3%,1368,0.3%,4.3,3.4%
2024-11-22,海上钢琴师,,1.50亿,16.44万,0.2%,1527,0.4%,2.8,3.1%
2024-11-22,今年二十二,点映,130.8万,12.88万,0.2%,272,<0.1%,11.2,10.6%
2024-11-22,我谈的那场恋爱,上映8天,580.7万,11.37万,0.1%,1676,0.4%,1.8,2.0%
2024-11-22,火影忍者剧场版：忍者之路,上映14天,2964.5万,10.23万,0.1%,3104,0.8%,0.9,1.0%
2024-11-22,出发,,681.0万,7.42万,0.1%,15,<0.1%,125.5,--
2024-11-22,里斯本丸沉没,上映78天,4539.3万,7.38万,0.1%,169,<0.1%,13.3,8.9%
2024-11-22,蓦然回首,上映28天,5286.9万,7.33万,0.1%,1477,0.3%,1.3,1.2%
2024-11-22,完美的日子,上映8天,161.2万,6.92万,0.1%,318,<0.1%,4.5,4.7%
2024-11-22,熊猫计划,上映53天,3.05亿,6.16万,0.1%,1438,0.3%,1.3,1.1%
2024-11-22,与你相遇的日子,上映57天,924.7万,5.59万,<0.1%,47,<0.1%,32.2,15.6%
2024-11-22,红色一号：冬日行动,上映15天,2105.2万,5.53万,<0.1%,1027,0.2%,1.4,1.1%
2024-11-22,哈利·波特与凤凰社,,1.73亿,4.21万,<0.1%,296,<0.1%,3.6,3.5%
2024-11-22,乔妍的心事,上映28天,1.51亿,4.12万,<0.1%,1412,0.3%,0.8,0.8%
2024-11-22,大突围,点映,74.7万,3.95万,<0.1%,41,<0.1%,27.9,15.8%
2024-11-22,你是我的英雄,,1125.1万,3.88万,<0.1%,37,<0.1%,35.0,4.0%
2024-11-22,这个杀手不太冷,上映22天,1692.6万,3.84万,<0.1%,428,0.1%,2.2,2.3%
2024-11-22,海绵宝宝：拯救比奇堡,上映36天,3141.1万,3.37万,<0.1%,1130,0.3%,0.9,0.9%
2024-11-22,门前宝地,上映64天,205.4万,2.71万,<0.1%,7,<0.1%,104.7,--
2024-11-22,海洋奇缘2,点映,2.5万,2.58万,<0.1%,1,<0.1%,860.0,--
2024-11-22,戴假发的人,上映7天,411.3万,2.41万,<0.1%,1655,0.4%,0.4,0.4%
2024-11-22,哈利·波特与火焰杯,,1.28亿,2.32万,<0.1%,167,<0.1%,3.3,3.9%
2024-11-22,古宅谜案,上映8天,85.7万,2.16万,<0.1%,691,0.1%,0.9,0.9%
2024-11-22,最后的里程,上映14天,668.7万,2.10万,<0.1%,317,<0.1%,1.7,2.0%
2024-11-22,变形金刚：起源,上映57天,1.52亿,1.96万,<0.1%,302,<0.1%,1.8,1.9%
2024-11-22,女人世界,上映18天,147.5万,1.93万,<0.1%,251,<0.1%,1.8,1.3%
2024-11-22,云上的云,上映36天,1107.0万,1.91万,<0.1%,15,<0.1%,49.7,19.0%
2024-11-22,爱你很久很久,上映22天,1985.1万,1.85万,<0.1%,508,0.1%,1.1,1.2%
2024-11-22,老枪,上映22天,551.3万,1.84万,<0.1%,291,<0.1%,1.5,1.6%
2024-11-22,苍穹,展映,2832.4万,1.60万,<0.1%,6,<0.1%,67.0,--
2024-11-22,边疆军魂,,47.6万,1.59万,<0.1%,19,<0.1%,39.4,53.4%
2024-11-22,只此青绿,上映53天,5155.0万,1.46万,<0.1%,263,<0.1%,1.4,1.3%
2024-11-22,哈利·波特与阿兹卡班的囚徒,,8126.6万,1.40万,<0.1%,121,<0.1%,3.0,3.0%
2024-11-22,美人鱼的夏天,上映首日,10.8万,1.36万,<0.1%,825,0.2%,0.5,0.6%
2024-11-22,刮大风,点映,1.3万,1.33万,<0.1%,1,<0.1%,444.0,22.7%
2024-11-22,新大头儿子和小头爸爸6：迷你大冒险,上映53天,2816.9万,1.31万,<0.1%,209,<0.1%,2.1,0.2%
2024-11-22,伟大征程,上映23天,39.8万,1.26万,<0.1%,324,<0.1%,1.2,0.6%
2024-11-22,唤醒者,,522.0万,1.14万,<0.1%,8,<0.1%,57.1,46.9%
2024-11-22,冬天没有童话,,37.8万,0.90万,<0.1%,2,<0.1%,150.0,--
2024-11-22,青年邓颖超,,145.0万,0.90万,<0.1%,15,<0.1%,30.0,16.4%
2024-11-22,“上海少女”的三十年,上映15天,5.5万,0.84万,<0.1%,6,<0.1%,27.3,20.0%
2024-11-22,哈利·波特与魔法石,,3.24亿,0.80万,<0.1%,59,<0.1%,3.4,3.3%
2024-11-22,孤军,,3207.4万,0.78万,<0.1%,10,<0.1%,31.2,12.3%
2024-11-22,阿莫阿依,,1334.0万,0.77万,<0.1%,8,<0.1%,38.9,16.2%
2024-11-22,康熙与路易十四,,218.5万,0.74万,<0.1%,5,<0.1%,33.6,6.3%
2024-11-22,断线之后,,22.6万,0.62万,<0.1%,8,<0.1%,37.8,--
2024-11-22,危机航线,上映54天,3.00亿,0.60万,<0.1%,101,<0.1%,1.6,0.4%
2024-11-22,哈利·波特与密室,,9697.8万,0.57万,<0.1%,51,<0.1%,2.8,2.9%
2024-11-22,周立波回清溪,,1057.1万,0.56万,<0.1%,3,<0.1%,75.7,50.2%
2024-11-22,小倩,点映,53.0万,0.51万,<0.1%,8,<0.1%,21.3,19.4%
2024-11-22,爆款好人,上映53天,2714.0万,0.49万,<0.1%,14,<0.1%,10.2,1.9%
2024-11-22,一生交给党,,338.8万,0.45万,<0.1%,12,<0.1%,13.9,0.5%
2024-11-22,草原的夏天,,16.3万,0.45万,<0.1%,1,<0.1%,150.0,--
2024-11-22,熊猫盼盼,展映,54.8万,0.45万,<0.1%,1,<0.1%,150.0,--
2024-11-22,荧屏奇遇,,17.3万,0.45万,<0.1%,1,<0.1%,150.0,--
2024-11-22,浴火之路,上映53天,4.61亿,0.44万,<0.1%,75,<0.1%,1.5,0.2%
2024-11-22,我的船长老师,上映首日,4345,0.43万,<0.1%,16,<0.1%,8.1,9.8%
2024-11-22,西府游击队,上映3天,1.0万,0.39万,<0.1%,22,<0.1%,5.7,0.1%
2024-11-22,749局,上映53天,3.75亿,0.36万,<0.1%,63,<0.1%,1.7,0.5%
2024-11-22,姥姥的外孙,上映92天,1.27亿,0.34万,<0.1%,12,<0.1%,8.3,11.5%
2024-11-22,一江清水,上映21天,13.1万,0.33万,<0.1%,17,<0.1%,5.6,2.5%
2024-11-22,密室逃脱,上映36天,426.2万,0.33万,<0.1%,17,<0.1%,5.1,--
2024-11-22,出走的决心,上映69天,1.23亿,0.32万,<0.1%,60,<0.1%,1.7,1.5%
2024-11-22,凤鸣飞天,上映24天,14.5万,0.31万,<0.1%,10,<0.1%,10.5,8.7%
2024-11-22,荒野机器人,上映64天,5169.1万,0.26万,<0.1%,69,<0.1%,1.1,1.2%
2024-11-22,非洲：塞伦盖蒂国家公园,,17.8万,0.26万,<0.1%,1,<0.1%,87.0,--
2024-11-22,踢出个未来,上映56天,132.6万,0.23万,<0.1%,4,<0.1%,23.8,1.6%
2024-11-22,八百矿工上井冈,,1119.0万,0.23万,<0.1%,1,<0.1%,92.0,84.1%
2024-11-22,泪光中的妈妈,,138.9万,0.22万,<0.1%,3,<0.1%,27.7,--
2024-11-22,逆行人生,,3.59亿,0.18万,<0.1%,8,<0.1%,3.8,2.8%
2024-11-22,夏日心灵,上映58天,19.1万,0.17万,<0.1%,3,<0.1%,16.7,--
2024-11-22,单声,,185.1万,0.17万,<0.1%,7,<0.1%,9.4,--
2024-11-22,反腐枪声,,11.8万,0.16万,<0.1%,2,<0.1%,27.0,90.0%
2024-11-22,江南：在爱开始的地方等你,上映69天,352.7万,0.14万,<0.1%,128,<0.1%,0.3,0.3%
2024-11-22,范蠡献西施（戏曲 粤剧）,上映36天,7.4万,0.13万,<0.1%,5,<0.1%,10.8,9.4%
2024-11-22,夹缝之间,上映15天,75.7万,0.12万,<0.1%,103,<0.1%,0.3,0.2%
2024-11-22,小丑2：双重妄想,上映38天,5406.4万,0.12万,<0.1%,34,<0.1%,0.9,0.8%
2024-11-22,开国宴风云,上映64天,55.9万,0.10万,<0.1%,1,<0.1%,35.0,66.0%
2024-11-22,宇宙探索编辑部,,6723.2万,0.10万,<0.1%,2,<0.1%,21.0,--
2024-11-22,北极荒原,展映,171.6万,0.09万,<0.1%,1,<0.1%,21.0,6.4%
2024-11-22,奇妙萌可大电影,上映69天,1105.9万,0.08万,<0.1%,45,<0.1%,0.6,0.7%
2024-11-22,一竞到底,上映22天,54.7万,0.08万,<0.1%,8,<0.1%,4.3,0.4%
2024-11-22,开国大典(上集),,95.4万,0.07万,<0.1%,1,<0.1%,14.0,70.0%
2024-11-22,一片绿洲,,3.6万,0.06万,<0.1%,1,<0.1%,22.0,--
2024-11-22,猴脸,上映87天,2.7万,0.06万,<0.1%,1,<0.1%,20.0,5.1%
2024-11-22,少年先锋,,74.0万,0.05万,<0.1%,1,<0.1%,19.0,--
2024-11-22,巡察,,13.4万,0.05万,<0.1%,1,<0.1%,27.0,--
2024-11-22,一代人师严修,上映74天,10.6万,0.05万,<0.1%,1,<0.1%,20.0,2.0%
2024-11-22,超级的我,,1224.5万,0.04万,<0.1%,8,<0.1%,2.3,--
2024-11-22,音乐课,上映39天,31.4万,0.04万,<0.1%,6,<0.1%,2.7,--
2024-11-22,金色少年,上映81天,25.7万,0.03万,<0.1%,1,<0.1%,10.0,11.8%
2024-11-22,单单,上映12天,2.1万,0.01万,<0.1%,23,<0.1%,0.3,0.1%
2024-11-22,江海儿女,,34.6万,0.01万,<0.1%,1,<0.1%,5.0,8.9%
2024-11-22,两只小猪之勇闯神秘岛,,518.0万,0.01万,<0.1%,2,<0.1%,2.0,1.0%
2024-11-22,山河故人,,3235.2万,0.01万,<0.1%,3,<0.1%,1.0,--
2024-11-22,加菲猫家族,,1.84亿,0.01万,<0.1%,3,<0.1%,1.7,2.1%
2024-11-22,爱乐之城,,2.79亿,0.01万,<0.1%,1,<0.1%,4.0,--
2024-11-22,光之子,上映34天,24.4万,0.00万,<0.1%,1,<0.1%,2.0,3.6%
2024-11-22,原脑：坏死区,展映,63,0.00万,<0.1%,7,<0.1%,0.3,0.0%
2024-11-22,沉默高原,上映36天,7.4万,0.00万,<0.1%,3,<0.1%,0.7,0.6%
2024-11-22,爱情神话,,2.60亿,0.00万,<0.1%,7,<0.1%,0.1,0.2%
2024-11-22,猎毒行动：终极对决,上映8天,3842,0.00万,<0.1%,3,<0.1%,0.3,--
2024-11-22,你是我的冠军,上映3天,116,0.00万,<0.1%,2,<0.1%,0.5,--
2024-11-22,忠爱无言2,,87.5万,0.00万,<0.1%,10,<0.1%,0.1,--
2024-11-22,中国机长,,29.13亿,0.00万,<0.1%,2,<0.1%,0.0,--
2024-11-22,八子,,2076.4万,0万,<0.1%,2,<0.1%,0.0,--
2024-11-22,我要去远方,,125.0万,0万,<0.1%,9,<0.1%,0.0,--
2024-11-22,走走停停,,1.02亿,0万,<0.1%,2,<0.1%,0.0,--
2024-11-22,默杀,,13.51亿,0万,<0.1%,1,<0.1%,0.0,--
2024-11-22,爸爸妈妈我爱你,,252,0万,<0.1%,2,<0.1%,0.0,--
2024-11-22,大场面,上映69天,1245.2万,0万,<0.1%,1,<0.1%,0.0,--
2024-11-22,永不消逝的电波（舞台纪录电影·舞剧）,,223.6万,0万,<0.1%,1,<0.1%,0.0,--
2024-11-22,我是霸王龙,,3542.3万,0万,<0.1%,3,<0.1%,0.0,--
2024-11-22,陌上花开,上映29天,9.8万,0万,<0.1%,12,<0.1%,0.0,--
2024-11-22,盐湖计划,上映31天,6.3万,0万,<0.1%,2,<0.1%,0.0,--
2024-11-22,冲撞,上映29天,8.5万,0万,<0.1%,8,<0.1%,0.0,--
2024-11-22,刺猬索尼克,,1994.1万,0万,<0.1%,1,<0.1%,0.0,--
2024-11-22,三湾改编,,5427.3万,0万,<0.1%,1,<0.1%,0.0,--
2024-11-22,谷魂,,43.2万,0万,<0.1%,1,<0.1%,0.0,--
2024-11-22,出入平安,上映54天,2113.1万,0万,<0.1%,1,<0.1%,0.0,--
2024-11-22,神偷奶爸4,,4.23亿,0万,<0.1%,5,<0.1%,0.0,--
2024-11-22,时光记忆,上映63天,6896,0万,<0.1%,1,<0.1%,0.0,--
2024-11-22,毒液：致命守护者,,18.70亿,0万,<0.1%,1,<0.1%,0.0,--
2024-11-22,一山之隔,,204.1万,0万,<0.1%,1,<0.1%,0.0,--
2024-11-22,等儿的湿地,,1.3万,0万,<0.1%,1,<0.1%,0.0,--
2024-11-22,战狼2,,56.94亿,0万,<0.1%,1,<0.1%,0.0,--
2024-11-22,申纪兰,,483.3万,0万,<0.1%,16,<0.1%,0.0,--
2024-11-22,流浪地球,,46.87亿,0万,<0.1%,2,<0.1%,0.0,--
2024-11-22,梦想森林,,7.5万,0万,<0.1%,1,<0.1%,0.0,--
2024-11-22,脐带,,170.0万,0万,<0.1%,1,<0.1%,0.0,--
2024-11-22,钢铁意志,,1.03亿,0万,<0.1%,1,<0.1%,0.0,--
2024-11-22,通往夏天的隧道，再见的出口,上映85天,1685.5万,0万,<0.1%,1,<0.1%,0.0,--
2024-11-22,白蛇：浮生,,4.25亿,0万,<0.1%,1,<0.1%,0.0,--
2024-11-22,流浪地球2,,40.43亿,0万,<0.1%,2,<0.1%,0.0,--
2024-11-22,白夜书店,上映57天,1151,0万,<0.1%,1,<0.1%,0.0,--
2024-11-22,从21世纪安全撤离,,1.12亿,0万,<0.1%,1,<0.1%,0.0,--
2024-11-22,绝地重生,,1117.1万,0万,<0.1%,1,<0.1%,0.0,--
2024-11-22,青春之旅,上映3天,159,0万,<0.1%,1,<0.1%,0.0,--
2024-11-22,带彩球的帐篷,,8.0万,0万,<0.1%,4,<0.1%,0.0,--
2024-11-22,名侦探柯南：百万美元的五棱星,上映99天,2.86亿,0万,<0.1%,1,<0.1%,0.0,--
2024-11-22,我要当老师,,1306.0万,0万,<0.1%,1,<0.1%,0.0,--
2024-11-22,解密,,3.34亿,0万,<0.1%,8,<0.1%,0.0,--
2024-11-22,申纪兰,展映,5.1万,0万,<0.1%,1,<0.1%,0.0,--
2024-11-22,燃烧的巴黎圣母院,,99.7万,0万,<0.1%,1,<0.1%,0.0,--
2024-11-22,看不见的朋友,上映64天,72.9万,0万,<0.1%,1,<0.1%,0.0,--
2024-11-22,生死坚守,,94.3万,0万,<0.1%,3,<0.1%,0.0,--
2024-11-22,魔镜奇缘3,,505.7万,0万,<0.1%,1,<0.1%,0.0,--
2024-11-22,喜羊羊与灰太狼之守护,,9123.4万,0万,<0.1%,1,<0.1%,0.0,--
2024-11-22,哪吒之魔童降世,,50.35亿,0万,<0.1%,1,<0.1%,0.0,--
2024-11-22,倒仓,上映91天,327.1万,0万,<0.1%,1,<0.1%,0.0,--
2024-11-22,谁持彩练当空舞,,616.4万,0万,<0.1%,3,<0.1%,0.0,--
2024-11-22,白蛇传说,,1.78亿,0万,<0.1%,1,<0.1%,0.0,--
2024-11-22,乡见未晚,上映71天,30.3万,0万,<0.1%,2,<0.1%,0.0,--
2024-11-22,新灰姑娘2,,3161.5万,0万,<0.1%,1,<0.1%,0.0,--
2024-11-22,开国将帅授衔1955,,859.7万,0万,<0.1%,1,<0.1%,0.0,--
2024-11-22,魔幻奇缘之宝石公主,,813.9万,0万,<0.1%,1,<0.1%,0.0,--
2024-11-22,八角笼中,,22.07亿,0万,<0.1%,3,<0.1%,0.0,--
2024-11-22,金腰带,上映92天,114.8万,0万,<0.1%,1,<0.1%,0.0,--
2024-11-22,根本停不下来,展映,7.5万,0万,<0.1%,2,<0.1%,0.0,--
2024-11-22,我和我的祖国,,31.70亿,0万,<0.1%,1,<0.1%,0.0,--
2024-11-22,疯狂动物城,,15.31亿,0万,<0.1%,1,<0.1%,0.0,--
2024-11-22,清道夫,上映22天,7.4万,0万,<0.1%,2,<0.1%,0.0,--
2024-11-22,望道,,8202.7万,0万,<0.1%,1,<0.1%,0.0,--
2024-11-22,渼陂,上映87天,57.9万,0万,<0.1%,1,<0.1%,0.0,--
2024-11-22,因果报应,,点映,0万,<0.1%,1,<0.1%,0.0,--
2024-11-23,好东西,上映2天,1.05亿,5068.28万,35.2%,113735,26.7%,10.5,7.9%
2024-11-23,蜡笔小新：我们的恐龙日记,上映首日,4296.9万,3838.77万,26.7%,91612,21.5%,11.5,10.0%
2024-11-23,胜券在握,上映9天,1.40亿,1838.72万,12.7%,68409,16.0%,7.2,6.3%
2024-11-23,角斗士2,上映2天,1550.1万,933.13万,6.4%,54058,12.7%,4.1,3.2%
2024-11-23,哈利·波特与死亡圣器（上),,1.31亿,664.50万,4.6%,11939,2.8%,13.1,7.4%
2024-11-23,鸳鸯楼·惊魂,上映24天,9644.4万,532.69万,3.7%,17623,4.1%,9.3,9.7%
2024-11-23,毒液：最后一舞,上映32天,6.62亿,450.07万,3.1%,14324,3.3%,7.8,6.6%
2024-11-23,焚城,上映23天,2.49亿,266.08万,1.8%,10634,2.5%,6.1,5.9%
2024-11-23,因果报应,点映,94.0万,94.05万,0.6%,1768,0.4%,13.3,12.9%
2024-11-23,金钱堡垒,上映2天,165.9万,80.21万,0.5%,10038,2.3%,2.3,2.4%
2024-11-23,风流一代,上映2天,259.3万,79.74万,0.5%,7442,1.7%,2.9,3.1%
2024-11-23,哈利·波特与混血王子,,1.81亿,55.59万,0.3%,928,0.2%,14.5,12.3%
2024-11-23,志愿军：存亡之战,上映55天,11.98亿,49.97万,0.3%,1882,0.4%,7.0,7.4%
2024-11-23,那个不为人知的故事,上映15天,1.12亿,49.18万,0.3%,4637,1.0%,2.8,3.1%
2024-11-23,熊猫计划,上映54天,3.05亿,41.20万,0.2%,1504,0.3%,7.4,8.2%
2024-11-23,火影忍者剧场版：忍者之路,上映15天,2998.6万,34.15万,0.2%,2079,0.4%,4.6,5.1%
2024-11-23,海上钢琴师,,1.51亿,22.11万,0.1%,748,0.1%,7.6,8.8%
2024-11-23,海绵宝宝：拯救比奇堡,上映37天,3161.5万,20.39万,0.1%,1622,0.3%,3.6,4.1%
2024-11-23,蓦然回首,上映29天,5306.2万,19.34万,0.1%,1244,0.2%,4.2,3.9%
2024-11-23,哈利·波特与凤凰社,,1.73亿,14.99万,0.1%,247,<0.1%,13.8,12.6%
2024-11-23,今年二十二,点映,145.3万,14.41万,0.1%,218,<0.1%,14.9,14.7%
2024-11-23,我谈的那场恋爱,上映9天,593.2万,12.48万,<0.1%,866,0.2%,3.9,4.7%
2024-11-23,完美的日子,上映9天,173.5万,12.31万,<0.1%,259,<0.1%,9.9,10.9%
2024-11-23,变形金刚：起源,上映58天,1.52亿,11.75万,<0.1%,570,0.1%,5.6,5.5%
2024-11-23,红色一号：冬日行动,上映16天,2115.1万,9.92万,<0.1%,551,0.1%,4.5,4.2%
2024-11-23,哈利·波特与火焰杯,,1.28亿,9.67万,<0.1%,161,<0.1%,13.1,14.0%
2024-11-23,里斯本丸沉没,上映79天,4547.8万,8.54万,<0.1%,136,<0.1%,18.2,14.0%
2024-11-23,出发,,688.4万,7.49万,<0.1%,18,<0.1%,92.6,0.5%
2024-11-23,这个杀手不太冷,上映23天,1699.1万,6.56万,<0.1%,278,<0.1%,6.2,7.3%
2024-11-23,乔妍的心事,上映29天,1.51亿,6.53万,<0.1%,788,0.1%,2.2,2.4%
2024-11-23,与你相遇的日子,上映58天,930.4万,5.70万,<0.1%,50,<0.1%,31.0,15.3%
2024-11-23,哈利·波特与阿兹卡班的囚徒,,8132.3万,5.69万,<0.1%,113,<0.1%,12.6,12.4%
2024-11-23,海洋奇缘2,点映,7.9万,5.35万,<0.1%,5,<0.1%,251.2,37.0%
2024-11-23,最后的里程,上映15天,673.5万,4.75万,<0.1%,160,<0.1%,6.9,8.4%
2024-11-23,荒野机器人,上映65天,5172.4万,3.36万,<0.1%,162,<0.1%,5.4,6.6%
2024-11-23,美人鱼的夏天,上映2天,14.1万,3.34万,<0.1%,924,0.2%,1.2,1.2%
2024-11-23,哈利·波特与魔法石,,3.24亿,3.27万,<0.1%,68,<0.1%,12.0,11.8%
2024-11-23,爱你很久很久,上映23天,1988.1万,3.08万,<0.1%,347,<0.1%,2.5,3.3%
2024-11-23,门前宝地,上映65天,208.4万,2.98万,<0.1%,10,<0.1%,79.3,--
2024-11-23,古宅谜案,上映9天,88.4万,2.74万,<0.1%,476,0.1%,1.6,1.7%
2024-11-23,老枪,上映23天,554.0万,2.73万,<0.1%,129,<0.1%,4.7,4.6%
2024-11-23,女人世界,上映19天,150.0万,2.56万,<0.1%,122,<0.1%,6.5,6.2%
2024-11-23,我的船长老师,上映2天,2.8万,2.42万,<0.1%,12,<0.1%,63.6,44.8%
2024-11-23,只此青绿,上映54天,5157.3万,2.32万,<0.1%,165,<0.1%,3.4,3.2%
2024-11-23,康熙与路易十四,,220.8万,2.29万,<0.1%,4,<0.1%,104.3,16.3%
2024-11-23,戴假发的人,上映8天,413.5万,2.13万,<0.1%,715,0.1%,0.9,1.0%
2024-11-23,哈利·波特与密室,,9699.8万,1.99万,<0.1%,43,<0.1%,10.6,11.0%
2024-11-23,新大头儿子和小头爸爸6：迷你大冒险,上映54天,2818.6万,1.67万,<0.1%,261,<0.1%,2.1,1.9%
2024-11-23,奇妙萌可大电影,上映70天,1107.5万,1.60万,<0.1%,119,<0.1%,4.2,4.1%
2024-11-23,冬天没有童话,,39.2万,1.44万,<0.1%,3,<0.1%,160.0,--
2024-11-23,踢出个未来,上映57天,133.9万,1.28万,<0.1%,18,<0.1%,22.9,20.2%
2024-11-23,云上的云,上映37天,1108.3万,1.24万,<0.1%,11,<0.1%,43.7,35.8%
2024-11-23,749局,上映54天,3.75亿,0.90万,<0.1%,59,<0.1%,4.5,4.2%
2024-11-23,一江清水,上映22天,13.9万,0.86万,<0.1%,17,<0.1%,14.8,2.4%
2024-11-23,音乐课,上映40天,32.1万,0.74万,<0.1%,4,<0.1%,71.5,19.6%
2024-11-23,小倩,点映,53.8万,0.72万,<0.1%,7,<0.1%,29.3,23.8%
2024-11-23,山河故人,,3235.9万,0.71万,<0.1%,8,<0.1%,30.1,--
2024-11-23,密室逃脱,上映37天,426.8万,0.65万,<0.1%,18,<0.1%,9.8,1.0%
2024-11-23,爱情神话,,2.60亿,0.57万,<0.1%,7,<0.1%,23.7,15.5%
2024-11-23,北极荒原,展映,172.1万,0.53万,<0.1%,1,<0.1%,124.0,36.4%
2024-11-23,最后的心事,上映71天,16.7万,0.52万,<0.1%,2,<0.1%,73.5,--
2024-11-23,邓小平小道,,2745.0万,0.50万,<0.1%,2,<0.1%,72.0,59.5%
2024-11-23,草原的夏天,,16.8万,0.48万,<0.1%,1,<0.1%,160.0,--
2024-11-23,熊猫盼盼,展映,55.2万,0.48万,<0.1%,1,<0.1%,160.0,--
2024-11-23,荧屏奇遇,,17.8万,0.48万,<0.1%,1,<0.1%,160.0,--
2024-11-23,非洲：塞伦盖蒂国家公园,,18.3万,0.47万,<0.1%,1,<0.1%,158.0,--
2024-11-23,浴火之路,上映54天,4.61亿,0.44万,<0.1%,57,<0.1%,2.4,0.8%
2024-11-23,夏日心灵,上映59天,19.6万,0.43万,<0.1%,3,<0.1%,41.3,--
2024-11-23,出走的决心,上映70天,1.23亿,0.42万,<0.1%,35,<0.1%,3.5,3.7%
2024-11-23,断线之后,,23.0万,0.35万,<0.1%,2,<0.1%,88.0,--
2024-11-23,危机航线,上映55天,3.00亿,0.33万,<0.1%,68,<0.1%,1.2,1.8%
2024-11-23,凤鸣飞天,上映25天,14.8万,0.33万,<0.1%,9,<0.1%,12.4,10.3%
2024-11-23,阿莫阿依,,1334.3万,0.30万,<0.1%,2,<0.1%,60.0,--
2024-11-23,边疆军魂,,47.9万,0.25万,<0.1%,3,<0.1%,42.0,45.8%
2024-11-23,江南：在爱开始的地方等你,上映70天,352.9万,0.23万,<0.1%,118,<0.1%,0.5,0.5%
2024-11-23,根据地,,193.2万,0.23万,<0.1%,1,<0.1%,115.0,--
2024-11-23,大突围,点映,74.9万,0.22万,<0.1%,11,<0.1%,5.8,2.4%
2024-11-23,泪光中的妈妈,,139.1万,0.20万,<0.1%,3,<0.1%,34.3,38.1%
2024-11-23,小丑2：双重妄想,上映39天,5406.6万,0.19万,<0.1%,29,<0.1%,1.7,1.9%
2024-11-23,西府游击队,上映4天,1.2万,0.19万,<0.1%,15,<0.1%,4.1,4.0%
2024-11-23,逆行人生,,3.59亿,0.16万,<0.1%,3,<0.1%,13.3,--
2024-11-23,地球脉动：极境生存,,301.2万,0.15万,<0.1%,1,<0.1%,50.0,--
2024-11-23,夹缝之间,上映16天,75.9万,0.13万,<0.1%,71,<0.1%,0.6,0.6%
2024-11-23,范蠡献西施（戏曲 粤剧）,上映37天,7.5万,0.12万,<0.1%,2,<0.1%,25.0,19.6%
2024-11-23,超级的我,,1224.6万,0.09万,<0.1%,8,<0.1%,3.0,--
2024-11-23,“上海少女”的三十年,上映16天,5.6万,0.07万,<0.1%,1,<0.1%,15.0,48.3%
2024-11-23,青年邓颖超,,145.0万,0.06万,<0.1%,1,<0.1%,30.0,12.3%
2024-11-23,爆款好人,上映54天,2714.0万,0.04万,<0.1%,11,<0.1%,1.0,1.1%
2024-11-23,冲撞,上映30天,8.5万,0.03万,<0.1%,8,<0.1%,1.0,1.4%
2024-11-23,爱乐之城,,2.79亿,0.02万,<0.1%,2,<0.1%,5.5,--
2024-11-23,单单,上映13天,2.1万,0.02万,<0.1%,22,<0.1%,0.4,0.1%
2024-11-23,哆啦A梦：大雄的地球交响乐,,1.31亿,0.02万,<0.1%,3,<0.1%,3.0,10.3%
2024-11-23,神偷奶爸4,,4.23亿,0.02万,<0.1%,16,<0.1%,0.3,--
2024-11-23,带彩球的帐篷,,8.0万,0.01万,<0.1%,5,<0.1%,0.8,0.8%
2024-11-23,一竞到底,上映23天,54.7万,0.01万,<0.1%,6,<0.1%,0.7,0.9%
2024-11-23,蜡笔小新：梦境世界大突击,,2242.9万,0.00万,<0.1%,1,<0.1%,2.0,--
2024-11-23,猎毒行动：终极对决,上映9天,3872,0.00万,<0.1%,2,<0.1%,0.5,--
2024-11-23,你是我的冠军,上映4天,136,0.00万,<0.1%,3,<0.1%,0.3,--
2024-11-23,忠爱无言2,,87.5万,0.00万,<0.1%,16,<0.1%,<0.1,--
2024-11-23,伟大征程,上映24天,39.8万,0万,<0.1%,43,<0.1%,0.0,--
2024-11-23,绑架游戏,上映43天,1615.7万,0万,<0.1%,8,<0.1%,0.0,--
2024-11-23,潜艇总动员：环游地球80天,,5261.5万,0万,<0.1%,3,<0.1%,0.0,--
2024-11-23,默杀,,13.51亿,0万,<0.1%,2,<0.1%,0.0,--
2024-11-23,陌上花开,上映30天,9.8万,0万,<0.1%,6,<0.1%,0.0,--
2024-11-23,太空熊猫英雄归来,,2101.7万,0万,<0.1%,3,<0.1%,0.0,--
2024-11-23,森林飞侠,上映70天,40.4万,0万,<0.1%,1,<0.1%,0.0,--
2024-11-23,时光记忆,上映64天,6896,0万,<0.1%,1,<0.1%,0.0,--
2024-11-23,功夫王之萌虎上山,,522.6万,0万,<0.1%,2,<0.1%,0.0,--
2024-11-23,流浪地球,,46.87亿,0万,<0.1%,2,<0.1%,0.0,--
2024-11-23,超级飞侠：乐迪加速,,7075.7万,0万,<0.1%,2,<0.1%,0.0,--
2024-11-23,梦想森林,,7.5万,0万,<0.1%,1,<0.1%,0.0,--
2024-11-23,超级英雄美猴王：齐天儿,,523.1万,0万,<0.1%,1,<0.1%,0.0,--
2024-11-23,我们的岁月,,1022.3万,0万,<0.1%,1,<0.1%,0.0,--
2024-11-23,恐龙飞车,,115.5万,0万,<0.1%,1,<0.1%,0.0,--
2024-11-23,头脑特工队2,,3.44亿,0万,<0.1%,4,<0.1%,0.0,--
2024-11-23,流浪地球2,,40.43亿,0万,<0.1%,2,<0.1%,0.0,--
2024-11-23,猪猪侠大电影·海洋日记,,2939.8万,0万,<0.1%,11,<0.1%,0.0,--
2024-11-23,新猪猪侠大电影·超级赛车,,5370.5万,0万,<0.1%,13,<0.1%,0.0,--
2024-11-23,从21世纪安全撤离,,1.12亿,0万,<0.1%,1,<0.1%,0.0,--
2024-11-23,银河宝贝,,107.5万,0万,<0.1%,2,<0.1%,0.0,--
2024-11-23,七十七天,,1.03亿,0万,<0.1%,1,<0.1%,0.0,--
2024-11-23,解密,,3.34亿,0万,<0.1%,8,<0.1%,0.0,--
2024-11-23,唤醒者,,522.0万,0万,<0.1%,1,<0.1%,0.0,--
2024-11-23,光之子,上映35天,24.4万,0万,<0.1%,1,<0.1%,0.0,--
2024-11-23,贝肯熊：火星任务,,8136.9万,0万,<0.1%,1,<0.1%,0.0,--
2024-11-23,疯狂大营救,,90.6万,0万,<0.1%,3,<0.1%,0.0,--
2024-11-23,苍穹,展映,2832.4万,0万,<0.1%,6,<0.1%,0.0,--
2024-11-23,哥斯拉大战金刚,,12.32亿,0万,<0.1%,2,<0.1%,0.0,--
2024-11-23,哪吒之魔童降世,,50.35亿,0万,<0.1%,2,<0.1%,0.0,--
2024-11-23,倒仓,上映92天,327.1万,0万,<0.1%,1,<0.1%,0.0,--
2024-11-23,新灰姑娘2,,3161.5万,0万,<0.1%,4,<0.1%,0.0,--
2024-11-23,开国将帅授衔1955,,859.7万,0万,<0.1%,1,<0.1%,0.0,--
2024-11-23,清道夫,上映23天,7.4万,0万,<0.1%,4,<0.1%,0.0,--
2024-11-23,王牌二哈,,311.5万,0万,<0.1%,5,<0.1%,0.0,--
2024-11-23,百变马丁：怪兽大作战,,817.0万,0万,<0.1%,1,<0.1%,0.0,--
2024-11-23,异形：夺命舰,上映100天,7.86亿,0万,<0.1%,1,<0.1%,0.0,--
2024-11-23,欢乐丛林之外星人大冒险,,389.6万,0万,<0.1%,1,<0.1%,0.0,--
2024-11-23,疯狂小世界,,257.0万,0万,<0.1%,1,<0.1%,0.0,--
2024-11-23,开心超人之英雄的心,,1657.0万,0万,<0.1%,12,<0.1%,0.0,--
2024-11-23,疯狂梦幻城,,521.6万,0万,<0.1%,4,<0.1%,0.0,--
2024-11-23,阿里巴巴与神灯,,2223.5万,0万,<0.1%,2,<0.1%,0.0,--
2024-11-23,爸爸妈妈我爱你,,252,0万,<0.1%,8,<0.1%,0.0,--
2024-11-23,大场面,上映70天,1245.2万,0万,<0.1%,1,<0.1%,0.0,--
2024-11-23,开国宴风云,上映65天,55.9万,0万,<0.1%,1,<0.1%,0.0,--
2024-11-23,魔镜奇缘,,1597.5万,0万,<0.1%,1,<0.1%,0.0,--
2024-11-23,我是霸王龙,,3542.3万,0万,<0.1%,5,<0.1%,0.0,--
2024-11-23,青蛙王子历险记,,1121.0万,0万,<0.1%,1,<0.1%,0.0,--
2024-11-23,盐湖计划,上映32天,6.3万,0万,<0.1%,1,<0.1%,0.0,--
2024-11-23,飞驰人生2,,33.61亿,0万,<0.1%,1,<0.1%,0.0,--
2024-11-23,刺猬索尼克,,1994.1万,0万,<0.1%,2,<0.1%,0.0,--
2024-11-23,我是哪吒2之英雄归来,,1775.5万,0万,<0.1%,1,<0.1%,0.0,--
2024-11-23,终极角斗,,展映,0万,<0.1%,1,<0.1%,0.0,--
2024-11-23,申纪兰,,483.3万,0万,<0.1%,2,<0.1%,0.0,--
2024-11-23,这个杀手不太冷静,,26.27亿,0万,<0.1%,1,<0.1%,0.0,--
2024-11-23,中国机长,,29.13亿,0万,<0.1%,14,<0.1%,0.0,--
2024-11-23,超级幼儿园,,227.3万,0万,<0.1%,1,<0.1%,0.0,--
2024-11-23,太空熊猫总动员,,424.0万,0万,<0.1%,4,<0.1%,0.0,--
2024-11-23,脐带,,170.0万,0万,<0.1%,4,<0.1%,0.0,--
2024-11-23,绿林大冒险,,890.8万,0万,<0.1%,1,<0.1%,0.0,--
2024-11-23,白蛇：浮生,,4.25亿,0万,<0.1%,3,<0.1%,0.0,--
2024-11-23,哈利·波特与死亡圣器（下）,,4.02亿,0万,<0.1%,2,<0.1%,0.0,--
2024-11-23,新大头儿子和小头爸爸2一日成才,,9039.8万,0万,<0.1%,2,<0.1%,0.0,--
2024-11-23,白夜书店,上映58天,1151,0万,<0.1%,1,<0.1%,0.0,--
2024-11-23,名侦探柯南：百万美元的五棱星,上映100天,2.86亿,0万,<0.1%,1,<0.1%,0.0,--
2024-11-23,青蛙王子历险记2,,401.1万,0万,<0.1%,1,<0.1%,0.0,--
2024-11-23,魔镜奇缘2,,2063.0万,0万,<0.1%,4,<0.1%,0.0,--
2024-11-23,看不见的朋友,上映65天,72.9万,0万,<0.1%,1,<0.1%,0.0,--
2024-11-23,疯狂丑小鸭,,2344.1万,0万,<0.1%,1,<0.1%,0.0,--
2024-11-23,封神第一部,,26.34亿,0万,<0.1%,9,<0.1%,0.0,--
2024-11-23,816,上映36天,81.0万,0万,<0.1%,2,<0.1%,0.0,--
2024-11-23,喜羊羊与灰太狼之守护,,9123.4万,0万,<0.1%,4,<0.1%,0.0,--
2024-11-23,饮料超人,,100.1万,0万,<0.1%,1,<0.1%,0.0,--
2024-11-23,白蛇传说,,1.78亿,0万,<0.1%,1,<0.1%,0.0,--
2024-11-23,宇宙护卫队：风暴力量,,2013.2万,0万,<0.1%,2,<0.1%,0.0,--
2024-11-23,开心超人,,3545.0万,0万,<0.1%,3,<0.1%,0.0,--
2024-11-23,你是我的英雄,,1125.1万,0万,<0.1%,3,<0.1%,0.0,--
2024-11-23,潜艇总动员：寻龙,,3228.7万,0万,<0.1%,6,<0.1%,0.0,--
2024-11-23,血战湘江,,7513.9万,0万,<0.1%,4,<0.1%,0.0,--
2024-11-23,八角笼中,,22.07亿,0万,<0.1%,1,<0.1%,0.0,--
2024-11-23,爸爸是外星人,,505.5万,0万,<0.1%,1,<0.1%,0.0,--
2024-11-23,金腰带,上映93天,114.8万,0万,<0.1%,1,<0.1%,0.0,--
2024-11-23,加菲猫家族,,1.84亿,0万,<0.1%,3,<0.1%,0.0,--
2024-11-23,根本停不下来,展映,7.5万,0万,<0.1%,4,<0.1%,0.0,--
2024-11-23,棉花糖和云朵妈妈1宝贝芯计划,,1290.9万,0万,<0.1%,1,<0.1%,0.0,--
2024-11-23,我和我的祖国,,31.70亿,0万,<0.1%,4,<0.1%,0.0,--
2024-11-23,疯狂动物城,,15.31亿,0万,<0.1%,3,<0.1%,0.0,--
2024-11-23,极地大反攻,,399.1万,0万,<0.1%,1,<0.1%,0.0,--
2024-11-23,沉默高原,上映37天,7.4万,0万,<0.1%,1,<0.1%,0.0,--
2024-11-24,好东西,上映3天,1.54亿,4844.60万,44.0%,104919,25.9%,10.9,7.9%
2024-11-24,蜡笔小新：我们的恐龙日记,上映2天,6264.8万,1967.92万,17.8%,87664,21.6%,6.2,5.2%
2024-11-24,胜券在握,上映10天,1.54亿,1346.79万,12.2%,55549,13.7%,6.5,5.5%
2024-11-24,角斗士2,上映3天,2213.4万,663.23万,6.0%,33965,8.4%,4.6,3.3%
2024-11-24,哈利·波特与死亡圣器（上),,1.36亿,442.06万,4.0%,12756,3.1%,8.2,4.7%
2024-11-24,毒液：最后一舞,上映33天,6.66亿,394.00万,3.5%,19666,4.8%,4.9,4.2%
2024-11-24,鸳鸯楼·惊魂,上映25天,9967.0万,322.62万,2.9%,22980,5.6%,4.3,4.4%
2024-11-24,焚城,上映24天,2.51亿,235.64万,2.1%,13904,3.4%,4.1,3.9%
2024-11-24,因果报应,点映,185.0万,90.98万,0.8%,1874,0.4%,12.1,11.5%
2024-11-24,风流一代,上映3天,340.8万,81.48万,0.7%,7480,1.8%,2.9,3.0%
2024-11-24,金钱堡垒,上映3天,224.0万,58.10万,0.5%,11920,2.9%,1.4,1.4%
2024-11-24,哈利·波特与混血王子,,1.81亿,48.80万,0.4%,1258,0.3%,9.5,8.4%
2024-11-24,志愿军：存亡之战,上映56天,11.99亿,47.60万,0.4%,2535,0.6%,4.9,5.1%
2024-11-24,熊猫计划,上映55天,3.06亿,44.48万,0.4%,2140,0.5%,7.4,7.9%
2024-11-24,火影忍者剧场版：忍者之路,上映16天,3034.9万,36.27万,0.3%,3050,0.7%,3.3,3.5%
2024-11-24,那个不为人知的故事,上映16天,1.12亿,28.69万,0.2%,5695,1.4%,1.3,1.4%
2024-11-24,海绵宝宝：拯救比奇堡,上映38天,3187.4万,25.89万,0.2%,2161,0.5%,3.4,3.6%
2024-11-24,海上钢琴师,,1.51亿,23.60万,0.2%,1201,0.2%,5.1,5.9%
2024-11-24,蓦然回首,上映30天,5323.2万,17.03万,0.1%,1688,0.4%,2.7,2.5%
2024-11-24,变形金刚：起源,上映59天,1.52亿,15.16万,0.1%,836,0.2%,4.8,5.3%
2024-11-24,我谈的那场恋爱,上映10天,607.3万,14.10万,0.1%,1204,0.2%,3.2,3.6%
2024-11-24,哈利·波特与凤凰社,,1.73亿,12.83万,0.1%,356,<0.1%,8.5,7.9%
2024-11-24,今年二十二,点映,157.2万,11.96万,0.1%,203,<0.1%,13.4,13.6%
2024-11-24,完美的日子,上映10天,185.0万,11.52万,0.1%,303,<0.1%,8.0,9.1%
2024-11-24,红色一号：冬日行动,上映17天,2124.7万,9.63万,<0.1%,754,0.1%,3.0,2.9%
2024-11-24,哈利·波特与火焰杯,,1.28亿,9.37万,<0.1%,240,<0.1%,9.4,9.7%
2024-11-24,出发,,696.8万,8.31万,<0.1%,16,<0.1%,130.3,--
2024-11-24,这个杀手不太冷,上映24天,1706.6万,7.51万,<0.1%,471,0.1%,4.1,4.3%
2024-11-24,里斯本丸沉没,上映80天,4555.3万,7.46万,<0.1%,150,<0.1%,15.6,14.2%
2024-11-24,与你相遇的日子,上映59天,936.4万,6.01万,<0.1%,33,<0.1%,44.3,39.2%
2024-11-24,乔妍的心事,上映30天,1.51亿,5.87万,<0.1%,1082,0.2%,1.4,1.5%
2024-11-24,哈利·波特与阿兹卡班的囚徒,,8137.6万,5.34万,<0.1%,152,<0.1%,8.5,9.2%
2024-11-24,海洋奇缘2,点映,12.5万,4.63万,<0.1%,3,<0.1%,145.7,--
2024-11-24,最后的里程,上映16天,677.9万,4.45万,<0.1%,252,<0.1%,4.2,4.5%
2024-11-24,荒野机器人,上映66天,5176.2万,3.78万,<0.1%,211,<0.1%,4.8,5.2%
2024-11-24,门前宝地,上映66天,212.1万,3.76万,<0.1%,9,<0.1%,111.2,--
2024-11-24,老枪,上映24天,557.8万,3.75万,<0.1%,186,<0.1%,4.4,5.6%
2024-11-24,哈利·波特与魔法石,,3.24亿,3.20万,<0.1%,90,<0.1%,8.6,8.8%
2024-11-24,只此青绿,上映55天,5160.5万,3.16万,<0.1%,234,<0.1%,3.1,3.0%
2024-11-24,康熙与路易十四,,223.9万,3.12万,<0.1%,5,<0.1%,109.8,10.6%
2024-11-24,美人鱼的夏天,上映3天,17.2万,3.09万,<0.1%,953,0.2%,1.0,1.2%
2024-11-24,女人世界,上映20天,152.5万,2.44万,<0.1%,182,<0.1%,3.6,3.3%
2024-11-24,爱你很久很久,上映24天,1990.5万,2.40万,<0.1%,458,0.1%,1.5,1.9%
2024-11-24,苍穹,展映,2834.6万,2.22万,<0.1%,6,<0.1%,92.5,--
2024-11-24,刮大风,点映,3.3万,1.97万,<0.1%,5,<0.1%,130.8,22.0%
2024-11-24,古宅谜案,上映10天,90.4万,1.96万,<0.1%,634,0.1%,0.9,0.9%
2024-11-24,戴假发的人,上映9天,415.4万,1.90万,<0.1%,867,0.2%,0.6,0.7%
2024-11-24,新大头儿子和小头爸爸6：迷你大冒险,上映55天,2820.5万,1.88万,<0.1%,326,<0.1%,1.9,1.8%
2024-11-24,陌路无期,点映,1.8万,1.82万,<0.1%,8,<0.1%,75.4,69.5%
2024-11-24,哈利·波特与密室,,9701.6万,1.81万,<0.1%,74,<0.1%,5.9,7.9%
2024-11-24,奇妙萌可大电影,上映71天,1109.2万,1.69万,<0.1%,156,<0.1%,3.3,3.8%
2024-11-24,冬天没有童话,,40.8万,1.53万,<0.1%,3,<0.1%,170.0,--
2024-11-24,一江清水,上映23天,15.2万,1.27万,<0.1%,23,<0.1%,16.0,--
2024-11-24,云上的云,上映38天,1109.5万,1.22万,<0.1%,11,<0.1%,44.0,33.5%
2024-11-24,踢出个未来,上映58天,134.8万,0.89万,<0.1%,17,<0.1%,20.2,9.3%
2024-11-24,我的船长老师,上映3天,3.6万,0.78万,<0.1%,24,<0.1%,9.4,10.0%
2024-11-24,北极荒原,展映,172.9万,0.75万,<0.1%,1,<0.1%,176.0,56.7%
2024-11-24,小倩,点映,54.5万,0.72万,<0.1%,6,<0.1%,37.2,38.8%
2024-11-24,出走的决心,上映71天,1.23亿,0.67万,<0.1%,57,<0.1%,3.6,3.7%
2024-11-24,危机航线,上映56天,3.00亿,0.65万,<0.1%,94,<0.1%,1.9,1.1%
2024-11-24,草原的夏天,,17.3万,0.51万,<0.1%,1,<0.1%,170.0,--
2024-11-24,非洲：塞伦盖蒂国家公园,,18.8万,0.51万,<0.1%,1,<0.1%,170.0,--
2024-11-24,荧屏奇遇,,18.3万,0.51万,<0.1%,1,<0.1%,170.0,--
2024-11-24,小丑2：双重妄想,上映40天,5407.1万,0.48万,<0.1%,42,<0.1%,2.5,3.3%
2024-11-24,密室逃脱,上映38天,427.3万,0.45万,<0.1%,19,<0.1%,6.5,0.5%
2024-11-24,凤鸣飞天,上映26天,15.2万,0.44万,<0.1%,8,<0.1%,18.4,14.4%
2024-11-24,爱情神话,,2.60亿,0.42万,<0.1%,10,<0.1%,12.6,5.9%
2024-11-24,音乐课,上映41天,32.6万,0.42万,<0.1%,6,<0.1%,22.8,2.1%
2024-11-24,浴火之路,上映55天,4.61亿,0.40万,<0.1%,71,<0.1%,1.6,0.4%
2024-11-24,塔洛,,117.2万,0.39万,<0.1%,2,<0.1%,34.0,25.5%
2024-11-24,山河故人,,3236.3万,0.39万,<0.1%,7,<0.1%,22.1,3.5%
2024-11-24,熊猫盼盼,展映,55.6万,0.39万,<0.1%,1,<0.1%,131.0,--
2024-11-24,夏日心灵,上映60天,19.9万,0.34万,<0.1%,3,<0.1%,32.7,--
2024-11-24,唤醒者,,522.3万,0.32万,<0.1%,2,<0.1%,64.5,--
2024-11-24,哆啦A梦：大雄的地球交响乐,,1.31亿,0.29万,<0.1%,3,<0.1%,33.3,--
2024-11-24,749局,上映55天,3.75亿,0.26万,<0.1%,64,<0.1%,1.2,1.3%
2024-11-24,我，就是风!,,1222.2万,0.24万,<0.1%,4,<0.1%,20.3,--
2024-11-24,“上海少女”的三十年,上映17天,5.8万,0.18万,<0.1%,2,<0.1%,26.0,28.8%
2024-11-24,渼陂,上映89天,58.1万,0.17万,<0.1%,1,<0.1%,50.0,--
2024-11-24,最后的心事,上映72天,16.9万,0.16万,<0.1%,1,<0.1%,55.0,83.8%
2024-11-24,一代人师严修,上映76天,10.8万,0.16万,<0.1%,2,<0.1%,31.5,--
2024-11-24,江南：在爱开始的地方等你,上映71天,353.0万,0.13万,<0.1%,129,<0.1%,0.3,0.3%
2024-11-24,范蠡献西施（戏曲 粤剧）,上映38天,7.7万,0.12万,<0.1%,3,<0.1%,17.0,20.3%
2024-11-24,西府游击队,上映5天,1.3万,0.12万,<0.1%,15,<0.1%,2.5,0.5%
2024-11-24,大突围,点映,75.0万,0.10万,<0.1%,9,<0.1%,3.1,1.6%
2024-11-24,断线之后,,23.1万,0.09万,<0.1%,1,<0.1%,48.0,--
2024-11-24,夹缝之间,上映17天,75.9万,0.08万,<0.1%,75,<0.1%,0.3,0.3%
2024-11-24,反腐枪声,,11.9万,0.08万,<0.1%,1,<0.1%,42.0,--
2024-11-24,我要当老师,,1306.0万,0.08万,<0.1%,1,<0.1%,27.0,67.4%
2024-11-24,阿莫阿依,,1334.3万,0.08万,<0.1%,1,<0.1%,32.0,--
2024-11-24,超级的我,,1224.7万,0.07万,<0.1%,8,<0.1%,2.6,--
2024-11-24,新龙门客栈（舞台纪录电影·越剧）,上映87天,611.2万,0.06万,<0.1%,1,<0.1%,17.0,22.6%
2024-11-24,根本停不下来,展映,7.5万,0.05万,<0.1%,7,<0.1%,3.3,--
2024-11-24,谯国夫人,,1411.8万,0.04万,<0.1%,1,<0.1%,13.0,15.2%
2024-11-24,加菲猫家族,,1.84亿,0.04万,<0.1%,7,<0.1%,2.7,6.0%
2024-11-24,爱乐之城,,2.79亿,0.04万,<0.1%,2,<0.1%,7.0,5.1%
2024-11-24,名侦探柯南：黑铁的鱼影,,1.62亿,0.03万,<0.1%,1,<0.1%,13.0,--
2024-11-24,陌上花开,上映31天,9.8万,0.02万,<0.1%,7,<0.1%,1.9,1.7%
2024-11-24,逆行人生,,3.59亿,0.02万,<0.1%,3,<0.1%,1.7,2.7%
2024-11-24,单单,上映14天,2.1万,0.02万,<0.1%,21,<0.1%,0.4,0.4%
2024-11-24,航海王：红发歌姬,,1.85亿,0.02万,<0.1%,1,<0.1%,9.0,--
2024-11-24,盐湖计划,上映33天,6.3万,0.02万,<0.1%,1,<0.1%,10.0,--
2024-11-24,爆款好人,上映55天,2714.0万,0.01万,<0.1%,12,<0.1%,0.4,0.7%
2024-11-24,脐带,,170.0万,0.01万,<0.1%,4,<0.1%,0.8,--
2024-11-24,伟大征程,上映25天,39.9万,0.01万,<0.1%,102,<0.1%,<0.1,0.0%
2024-11-24,一竞到底,上映24天,54.7万,0.01万,<0.1%,5,<0.1%,0.8,1.0%
2024-11-24,沉默高原,上映38天,7.4万,0.00万,<0.1%,1,<0.1%,3.0,--
2024-11-24,魔幻奇缘之宝石公主,,813.9万,0.00万,<0.1%,2,<0.1%,1.5,2.4%
2024-11-24,流浪地球,,46.87亿,0.00万,<0.1%,3,<0.1%,1.0,--
2024-11-24,开国宴风云,上映66天,55.9万,0.00万,<0.1%,1,<0.1%,3.0,3.0%
2024-11-24,泪光中的妈妈,,139.1万,0.00万,<0.1%,1,<0.1%,2.0,--
2024-11-24,忠爱无言2,,87.5万,0.00万,<0.1%,9,<0.1%,0.2,--
2024-11-24,大场面,上映71天,1245.2万,0.00万,<0.1%,2,<0.1%,0.5,--
2024-11-24,猎毒行动：终极对决,上映10天,3902,0.00万,<0.1%,3,<0.1%,0.3,--
2024-11-24,你是我的冠军,上映5天,156,0.00万,<0.1%,1,<0.1%,1.0,--
2024-11-24,绑架游戏,上映44天,1615.7万,0万,<0.1%,4,<0.1%,0.0,--
2024-11-24,探探猫人鱼公主,,564.1万,0万,<0.1%,1,<0.1%,0.0,--
2024-11-24,蜡笔小新：新次元！超能力大决战,,1.19亿,0万,<0.1%,1,<0.1%,0.0,--
2024-11-24,潜艇总动员：环游地球80天,,5261.5万,0万,<0.1%,3,<0.1%,0.0,--
2024-11-24,默杀,,13.51亿,0万,<0.1%,2,<0.1%,0.0,--
2024-11-24,巧虎奇幻舞台历险记,,648.4万,0万,<0.1%,4,<0.1%,0.0,--
2024-11-24,志愿军：雄兵出击,,8.68亿,0万,<0.1%,2,<0.1%,0.0,--
2024-11-24,陪你在全世界长大,,131.3万,0万,<0.1%,2,<0.1%,0.0,--
2024-11-24,太空熊猫英雄归来,,2101.7万,0万,<0.1%,7,<0.1%,0.0,--
2024-11-24,单声,,185.1万,0万,<0.1%,1,<0.1%,0.0,--
2024-11-24,冲撞,上映31天,8.5万,0万,<0.1%,4,<0.1%,0.0,--
2024-11-24,抓娃娃,,33.27亿,0万,<0.1%,1,<0.1%,0.0,--
2024-11-24,森林飞侠,上映71天,40.4万,0万,<0.1%,1,<0.1%,0.0,--
2024-11-24,时光记忆,上映65天,6896,0万,<0.1%,1,<0.1%,0.0,--
2024-11-24,功夫王之萌虎上山,,522.6万,0万,<0.1%,3,<0.1%,0.0,--
2024-11-24,超级飞侠：乐迪加速,,7075.7万,0万,<0.1%,2,<0.1%,0.0,--
2024-11-24,我们的岁月,,1022.3万,0万,<0.1%,1,<0.1%,0.0,--
2024-11-24,汪汪队立大功大电影2：超能大冒险,,1.38亿,0万,<0.1%,2,<0.1%,0.0,--
2024-11-24,恐龙飞车,,115.5万,0万,<0.1%,2,<0.1%,0.0,--
2024-11-24,头脑特工队2,,3.44亿,0万,<0.1%,3,<0.1%,0.0,--
2024-11-24,流浪地球2,,40.43亿,0万,<0.1%,2,<0.1%,0.0,--
2024-11-24,原脑：坏死区,展映,63,0万,<0.1%,2,<0.1%,0.0,--
2024-11-24,猪猪侠大电影·海洋日记,,2939.8万,0万,<0.1%,6,<0.1%,0.0,--
2024-11-24,新猪猪侠大电影·超级赛车,,5370.5万,0万,<0.1%,8,<0.1%,0.0,--
2024-11-24,从21世纪安全撤离,,1.12亿,0万,<0.1%,1,<0.1%,0.0,--
2024-11-24,银河宝贝,,107.5万,0万,<0.1%,2,<0.1%,0.0,--
2024-11-24,一雪前耻,上映71天,9385.6万,0万,<0.1%,2,<0.1%,0.0,--
2024-11-24,龙神之子,,200.6万,0万,<0.1%,1,<0.1%,0.0,--
2024-11-24,七十七天,,1.03亿,0万,<0.1%,1,<0.1%,0.0,--
2024-11-24,解密,,3.34亿,0万,<0.1%,8,<0.1%,0.0,--
2024-11-24,光之子,上映36天,24.4万,0万,<0.1%,1,<0.1%,0.0,--
2024-11-24,贝肯熊：火星任务,,8136.9万,0万,<0.1%,1,<0.1%,0.0,--
2024-11-24,疯狂大营救,,90.6万,0万,<0.1%,3,<0.1%,0.0,--
2024-11-24,熊出没·伴我“熊芯”,,14.95亿,0万,<0.1%,1,<0.1%,0.0,--
2024-11-24,清道夫,上映24天,7.4万,0万,<0.1%,4,<0.1%,0.0,--
2024-11-24,王牌二哈,,311.5万,0万,<0.1%,6,<0.1%,0.0,--
2024-11-24,百变马丁：怪兽大作战,,817.0万,0万,<0.1%,4,<0.1%,0.0,--
2024-11-24,异形：夺命舰,上映101天,7.86亿,0万,<0.1%,1,<0.1%,0.0,--
2024-11-24,欢乐丛林之外星人大冒险,,389.6万,0万,<0.1%,2,<0.1%,0.0,--
2024-11-24,疯狂小世界,,257.0万,0万,<0.1%,2,<0.1%,0.0,--
2024-11-24,走走停停,,1.02亿,0万,<0.1%,1,<0.1%,0.0,--
2024-11-24,开心超人之英雄的心,,1657.0万,0万,<0.1%,13,<0.1%,0.0,--
2024-11-24,阿里巴巴与神灯,,2223.5万,0万,<0.1%,2,<0.1%,0.0,--
2024-11-24,爸爸妈妈我爱你,,252,0万,<0.1%,9,<0.1%,0.0,--
2024-11-24,魔镜奇缘,,1597.5万,0万,<0.1%,1,<0.1%,0.0,--
2024-11-24,我是霸王龙,,3542.3万,0万,<0.1%,3,<0.1%,0.0,--
2024-11-24,我是哪吒2之英雄归来,,1775.5万,0万,<0.1%,9,<0.1%,0.0,--
2024-11-24,神偷奶爸4,,4.23亿,0万,<0.1%,12,<0.1%,0.0,--
2024-11-24,申纪兰,,483.3万,0万,<0.1%,1,<0.1%,0.0,--
2024-11-24,中国机长,,29.13亿,0万,<0.1%,13,<0.1%,0.0,--
2024-11-24,太空熊猫总动员,,424.0万,0万,<0.1%,4,<0.1%,0.0,--
2024-11-24,绿林大冒险,,890.8万,0万,<0.1%,1,<0.1%,0.0,--
2024-11-24,白蛇：浮生,,4.25亿,0万,<0.1%,3,<0.1%,0.0,--
2024-11-24,新大头儿子和小头爸爸2一日成才,,9039.8万,0万,<0.1%,1,<0.1%,0.0,--
2024-11-24,白夜书店,上映59天,1151,0万,<0.1%,1,<0.1%,0.0,--
2024-11-24,蜡笔小新：梦境世界大突击,,2242.9万,0万,<0.1%,1,<0.1%,0.0,--
2024-11-24,名侦探柯南：百万美元的五棱星,上映101天,2.86亿,0万,<0.1%,1,<0.1%,0.0,--
2024-11-24,田园时代,上映44天,302.8万,0万,<0.1%,1,<0.1%,0.0,--
2024-11-24,青蛙王子历险记2,,401.1万,0万,<0.1%,1,<0.1%,0.0,--
2024-11-24,看不见的朋友,上映66天,72.9万,0万,<0.1%,1,<0.1%,0.0,--
2024-11-24,笨鸟大冒险,,636.3万,0万,<0.1%,1,<0.1%,0.0,--
2024-11-24,疯狂丑小鸭,,2344.1万,0万,<0.1%,1,<0.1%,0.0,--
2024-11-24,封神第一部,,26.34亿,0万,<0.1%,7,<0.1%,0.0,--
2024-11-24,816,上映37天,81.0万,0万,<0.1%,2,<0.1%,0.0,--
2024-11-24,喜羊羊与灰太狼之守护,,9123.4万,0万,<0.1%,3,<0.1%,0.0,--
2024-11-24,魔法鼠乐园,,422.9万,0万,<0.1%,1,<0.1%,0.0,--
2024-11-24,饮料超人,,100.1万,0万,<0.1%,3,<0.1%,0.0,--
2024-11-24,乡见未晚,上映73天,30.3万,0万,<0.1%,2,<0.1%,0.0,--
2024-11-24,宇宙护卫队：风暴力量,,2013.2万,0万,<0.1%,1,<0.1%,0.0,--
2024-11-24,你是我的英雄,,1125.1万,0万,<0.1%,2,<0.1%,0.0,--
2024-11-24,潜艇总动员：寻龙,,3228.7万,0万,<0.1%,5,<0.1%,0.0,--
2024-11-24,血战湘江,,7513.9万,0万,<0.1%,6,<0.1%,0.0,--
2024-11-24,八角笼中,,22.07亿,0万,<0.1%,2,<0.1%,0.0,--
2024-11-24,爸爸是外星人,,505.5万,0万,<0.1%,1,<0.1%,0.0,--
2024-11-24,金腰带,上映94天,114.8万,0万,<0.1%,1,<0.1%,0.0,--
2024-11-24,我和我的祖国,,31.70亿,0万,<0.1%,3,<0.1%,0.0,--
2024-11-24,极地大反攻,,399.1万,0万,<0.1%,1,<0.1%,0.0,--
2024-11-25,好东西,上映4天,1.77亿,2287.35万,55.6%,94434,27.5%,5.8,4.2%
2024-11-25,胜券在握,上映11天,1.59亿,499.53万,12.1%,51201,14.9%,2.6,2.2%
2024-11-25,蜡笔小新：我们的恐龙日记,上映3天,6665.1万,400.31万,9.7%,57465,16.7%,1.9,1.6%
2024-11-25,角斗士2,上映4天,2479.5万,266.14万,6.4%,29442,8.5%,2.2,1.6%
2024-11-25,鸳鸯楼·惊魂,上映26天,1.01亿,137.01万,3.3%,21988,6.4%,1.9,1.9%
2024-11-25,毒液：最后一舞,上映34天,6.68亿,110.80万,2.6%,19013,5.5%,1.4,1.2%
2024-11-25,哈利·波特与死亡圣器（上),,1.37亿,93.00万,2.2%,11234,3.2%,2.0,1.2%
2024-11-25,焚城,上映25天,2.52亿,88.28万,2.1%,14312,4.1%,1.5,1.4%
2024-11-25,风流一代,上映4天,376.2万,35.43万,0.8%,6897,2.0%,1.4,1.4%
2024-11-25,志愿军：存亡之战,上映57天,11.99亿,31.04万,0.7%,2830,0.8%,2.8,3.0%
2024-11-25,金钱堡垒,上映4天,246.1万,22.09万,0.5%,9720,2.8%,0.6,0.6%
2024-11-25,熊猫计划,上映56天,3.06亿,17.50万,0.4%,1441,0.4%,2.6,2.8%
2024-11-25,那个不为人知的故事,上映17天,1.12亿,12.73万,0.3%,5754,1.6%,0.6,0.6%
2024-11-25,里斯本丸沉没,上映81天,4566.5万,11.23万,0.2%,196,<0.1%,17.2,15.6%
2024-11-25,出发,,707.0万,10.24万,0.2%,21,<0.1%,137.7,22.1%
2024-11-25,哈利·波特与混血王子,,1.82亿,9.66万,0.2%,1116,0.3%,2.2,1.8%
2024-11-25,海上钢琴师,,1.51亿,8.25万,0.2%,1396,0.4%,1.5,1.7%
2024-11-25,我谈的那场恋爱,上映11天,614.9万,7.63万,0.1%,1324,0.3%,1.5,1.7%
2024-11-25,与你相遇的日子,上映60天,943.8万,7.45万,0.1%,26,<0.1%,70.0,72.2%
2024-11-25,戏,点映,7.5万,6.13万,0.1%,16,<0.1%,134.5,10.7%
2024-11-25,完美的日子,上映11天,189.3万,4.23万,0.1%,232,<0.1%,3.8,4.1%
2024-11-25,火影忍者剧场版：忍者之路,上映17天,3038.5万,3.65万,<0.1%,1865,0.5%,0.5,0.6%
2024-11-25,伟大征程,上映26天,42.9万,3.06万,<0.1%,1601,0.4%,0.5,0.0%
2024-11-25,蓦然回首,上映31天,5326.2万,2.92万,<0.1%,1092,0.3%,0.7,0.6%
2024-11-25,这个杀手不太冷,上映25天,1709.5万,2.91万,<0.1%,512,0.1%,1.5,1.5%
2024-11-25,哈利·波特与凤凰社,,1.73亿,2.56万,<0.1%,326,<0.1%,2.0,1.9%
2024-11-25,红色一号：冬日行动,上映18天,2127.0万,2.30万,<0.1%,837,0.2%,0.7,0.7%
2024-11-25,古宅谜案,上映11天,92.6万,2.24万,<0.1%,700,0.2%,0.9,1.0%
2024-11-25,乔妍的心事,上映31天,1.51亿,2.15万,<0.1%,1001,0.2%,0.6,0.6%
2024-11-25,门前宝地,上映67天,214.1万,1.98万,<0.1%,6,<0.1%,89.2,--
2024-11-25,海洋奇缘2,点映,14.2万,1.65万,<0.1%,2,<0.1%,150.5,--
2024-11-25,哈利·波特与火焰杯,,1.28亿,1.52万,<0.1%,212,<0.1%,1.8,1.7%
2024-11-25,云上的云,上映39天,1110.8万,1.23万,<0.1%,14,<0.1%,35.4,21.8%
2024-11-25,大突围,点映,76.1万,1.10万,<0.1%,27,<0.1%,11.7,3.2%
2024-11-25,最后的里程,上映17天,679.0万,1.10万,<0.1%,272,<0.1%,1.0,1.1%
2024-11-25,密室逃脱,上映39天,428.4万,1.09万,<0.1%,37,<0.1%,8.0,0.5%
2024-11-25,爱你很久很久,上映25天,1991.6万,1.08万,<0.1%,469,0.1%,0.7,0.7%
2024-11-25,女人世界,上映21天,153.5万,1.01万,<0.1%,247,<0.1%,1.1,1.0%
2024-11-25,只此青绿,上映56天,5161.4万,0.98万,<0.1%,259,<0.1%,0.9,0.8%
2024-11-25,戴假发的人,上映10天,416.2万,0.88万,<0.1%,1071,0.3%,0.2,0.2%
2024-11-25,老枪,上映25天,558.6万,0.86万,<0.1%,217,<0.1%,0.9,1.0%
2024-11-25,哈利·波特与阿兹卡班的囚徒,,8138.4万,0.76万,<0.1%,107,<0.1%,1.6,1.6%
2024-11-25,小倩,点映,55.1万,0.58万,<0.1%,6,<0.1%,30.7,24.5%
2024-11-25,变形金刚：起源,上映60天,1.52亿,0.51万,<0.1%,252,<0.1%,0.5,0.5%
2024-11-25,危机航线,上映57天,3.00亿,0.48万,<0.1%,115,<0.1%,1.1,0.4%
2024-11-25,出走的决心,上映72天,1.23亿,0.43万,<0.1%,79,<0.1%,1.7,2.0%
2024-11-25,康熙与路易十四,,224.3万,0.43万,<0.1%,3,<0.1%,35.7,11.5%
2024-11-25,一江清水,上映24天,15.6万,0.42万,<0.1%,22,<0.1%,5.6,--
2024-11-25,清道夫,上映25天,7.8万,0.41万,<0.1%,4,<0.1%,29.8,--
2024-11-25,海绵宝宝：拯救比奇堡,上映39天,3187.8万,0.41万,<0.1%,493,0.1%,0.2,0.2%
2024-11-25,富贵东西,,350.8万,0.41万,<0.1%,3,<0.1%,55.0,--
2024-11-25,哈利·波特与魔法石,,3.24亿,0.39万,<0.1%,82,<0.1%,1.2,1.3%
2024-11-25,你是我的英雄,,1125.5万,0.35万,<0.1%,6,<0.1%,19.8,21.3%
2024-11-25,哈利·波特与密室,,9701.9万,0.29万,<0.1%,72,<0.1%,1.0,0.9%
2024-11-25,光之子,上映37天,24.6万,0.27万,<0.1%,2,<0.1%,45.0,34.7%
2024-11-25,凤鸣飞天,上映27天,15.4万,0.17万,<0.1%,11,<0.1%,5.4,4.7%
2024-11-25,小丑2：双重妄想,上映41天,5407.2万,0.16万,<0.1%,38,<0.1%,1.0,1.2%
2024-11-25,美人鱼的夏天,上映4天,17.4万,0.16万,<0.1%,384,0.1%,0.1,0.1%
2024-11-25,我的船长老师,上映4天,3.8万,0.16万,<0.1%,23,<0.1%,2.3,2.5%
2024-11-25,逆行人生,,3.59亿,0.15万,<0.1%,11,<0.1%,3.8,5.1%
2024-11-25,我要当老师,,1306.2万,0.14万,<0.1%,3,<0.1%,16.0,15.5%
2024-11-25,夏日心灵,上映61天,20.0万,0.14万,<0.1%,3,<0.1%,13.7,--
2024-11-25,范蠡献西施（戏曲 粤剧）,上映39天,7.8万,0.12万,<0.1%,4,<0.1%,12.5,12.2%
2024-11-25,江南：在爱开始的地方等你,上映72天,353.1万,0.12万,<0.1%,125,<0.1%,0.3,0.2%
2024-11-25,西府游击队,上映6天,1.4万,0.11万,<0.1%,14,<0.1%,2.3,2.3%
2024-11-25,浴火之路,上映56天,4.61亿,0.10万,<0.1%,82,<0.1%,0.3,0.3%
2024-11-25,749局,上映56天,3.75亿,0.09万,<0.1%,71,<0.1%,0.4,0.3%
2024-11-25,刮大风,点映,3.3万,0.08万,<0.1%,6,<0.1%,3.5,2.5%
2024-11-25,夹缝之间,上映18天,76.0万,0.08万,<0.1%,100,<0.1%,0.2,0.2%
2024-11-25,青年邓颖超,,145.1万,0.08万,<0.1%,2,<0.1%,20.0,--
2024-11-25,荒野机器人,上映67天,5176.3万,0.07万,<0.1%,47,<0.1%,0.4,0.5%
2024-11-25,我的爷爷,上映67天,254.0万,0.05万,<0.1%,1,<0.1%,17.0,33.3%
2024-11-25,“上海少女”的三十年,上映18天,5.8万,0.03万,<0.1%,2,<0.1%,3.5,7.5%
2024-11-25,新大头儿子和小头爸爸6：迷你大冒险,上映56天,2820.5万,0.03万,<0.1%,82,<0.1%,0.1,0.1%
2024-11-25,一和多,,8.9万,0.03万,<0.1%,1,<0.1%,11.0,--
2024-11-25,望道,,8202.7万,0.02万,<0.1%,4,<0.1%,1.8,1.8%
2024-11-25,爱情神话,,2.60亿,0.02万,<0.1%,6,<0.1%,1.0,1.4%
2024-11-25,奇妙萌可大电影,上映72天,1109.2万,0.02万,<0.1%,30,<0.1%,0.3,0.2%
2024-11-25,爆款好人,上映56天,2714.1万,0.02万,<0.1%,12,<0.1%,0.4,0.1%
2024-11-25,陌上花开,上映32天,9.9万,0.01万,<0.1%,7,<0.1%,0.9,1.6%
2024-11-25,因果报应,点映,185.0万,0.00万,<0.1%,18,<0.1%,0.1,0.9%
2024-11-25,睿王与庄妃,,2.3万,0.00万,<0.1%,1,<0.1%,3.0,2.2%
2024-11-25,单单,上映15天,2.1万,0.00万,<0.1%,12,<0.1%,0.3,0.1%
2024-11-25,你是我的冠军,上映6天,220,0.00万,<0.1%,7,<0.1%,0.4,0.4%
2024-11-25,猎毒行动：终极对决,上映11天,3932,0.00万,<0.1%,10,<0.1%,0.1,--
2024-11-25,飞驰人生2,,33.61亿,0.00万,<0.1%,1,<0.1%,1.0,--
2024-11-25,今年二十二,点映,157.2万,0.00万,<0.1%,3,<0.1%,0.0,--
2024-11-25,忠爱无言2,,87.5万,0.00万,<0.1%,2,<0.1%,0.5,--
2024-11-25,哈利·波特与死亡圣器（下）,,4.02亿,0.00万,<0.1%,5,<0.1%,0.0,0.2%
2024-11-25,消失的子弹,,1.60亿,0万,<0.1%,3,<0.1%,0.0,--
2024-11-25,走走停停,,1.02亿,0万,<0.1%,1,<0.1%,0.0,--
2024-11-25,谯国夫人,,1411.8万,0万,<0.1%,1,<0.1%,0.0,--
2024-11-25,志愿军：雄兵出击,,8.68亿,0万,<0.1%,1,<0.1%,0.0,--
2024-11-25,力量密码,,1701.8万,0万,<0.1%,1,<0.1%,0.0,--
2024-11-25,大场面,上映72天,1245.2万,0万,<0.1%,1,<0.1%,0.0,--
2024-11-25,盐湖计划,上映34天,6.3万,0万,<0.1%,2,<0.1%,0.0,--
2024-11-25,我，就是风!,,1222.2万,0万,<0.1%,1,<0.1%,0.0,--
2024-11-25,根据地,,193.2万,0万,<0.1%,1,<0.1%,0.0,--
2024-11-25,单声,,185.1万,0万,<0.1%,1,<0.1%,0.0,--
2024-11-25,冲撞,上映32天,8.5万,0万,<0.1%,6,<0.1%,0.0,--
2024-11-25,时光记忆,上映66天,6896,0万,<0.1%,1,<0.1%,0.0,--
2024-11-25,新龙门客栈（舞台纪录电影·越剧）,上映88天,611.2万,0万,<0.1%,1,<0.1%,0.0,--
2024-11-25,航海王：红发歌姬,,1.85亿,0万,<0.1%,1,<0.1%,0.0,--
2024-11-25,宇宙探索编辑部,,6723.2万,0万,<0.1%,1,<0.1%,0.0,--
2024-11-25,流浪地球,,46.87亿,0万,<0.1%,2,<0.1%,0.0,--
2024-11-25,中国机长,,29.13亿,0万,<0.1%,1,<0.1%,0.0,--
2024-11-25,一生交给党,,338.8万,0万,<0.1%,1,<0.1%,0.0,--
2024-11-25,我们的岁月,,1022.3万,0万,<0.1%,1,<0.1%,0.0,--
2024-11-25,脐带,,170.0万,0万,<0.1%,1,<0.1%,0.0,--
2024-11-25,原脑：坏死区,展映,63,0万,<0.1%,2,<0.1%,0.0,--
2024-11-25,流浪地球2,,40.43亿,0万,<0.1%,3,<0.1%,0.0,--
2024-11-25,白夜书店,上映60天,1151,0万,<0.1%,1,<0.1%,0.0,--
2024-11-25,从21世纪安全撤离,,1.12亿,0万,<0.1%,1,<0.1%,0.0,--
2024-11-25,蜡笔小新：梦境世界大突击,,2242.9万,0万,<0.1%,1,<0.1%,0.0,--
2024-11-25,青春之旅,上映6天,159,0万,<0.1%,1,<0.1%,0.0,--
2024-11-25,一雪前耻,上映72天,9385.6万,0万,<0.1%,1,<0.1%,0.0,--
2024-11-25,草原大作战,,190.6万,0万,<0.1%,2,<0.1%,0.0,--
2024-11-25,名侦探柯南：百万美元的五棱星,,2.86亿,0万,<0.1%,1,<0.1%,0.0,--
2024-11-25,音乐课,上映42天,32.6万,0万,<0.1%,1,<0.1%,0.0,--
2024-11-25,奇异世界历险记,,502.1万,0万,<0.1%,1,<0.1%,0.0,--
2024-11-25,解密,,3.34亿,0万,<0.1%,8,<0.1%,0.0,--
2024-11-25,申纪兰,展映,5.1万,0万,<0.1%,1,<0.1%,0.0,--
2024-11-25,小凤仙,,展映,0万,<0.1%,2,<0.1%,0.0,--
2024-11-25,疯狂大营救,,90.6万,0万,<0.1%,1,<0.1%,0.0,--
2024-11-25,看不见的朋友,上映67天,72.9万,0万,<0.1%,1,<0.1%,0.0,--
2024-11-25,朱同在三年级丢失了超能力,,1515.8万,0万,<0.1%,1,<0.1%,0.0,--
2024-11-25,乡见未晚,上映74天,30.3万,0万,<0.1%,4,<0.1%,0.0,--
2024-11-25,魔幻奇缘之宝石公主,,813.9万,0万,<0.1%,1,<0.1%,0.0,--
2024-11-25,八角笼中,,22.07亿,0万,<0.1%,4,<0.1%,0.0,--
2024-11-25,熊出没·伴我“熊芯”,,14.95亿,0万,<0.1%,1,<0.1%,0.0,--
2024-11-25,哆啦A梦：大雄的地球交响乐,,1.31亿,0万,<0.1%,1,<0.1%,0.0,--
2024-11-25,爸爸是外星人,,505.5万,0万,<0.1%,1,<0.1%,0.0,--
2024-11-25,超级的我,,1224.7万,0万,<0.1%,8,<0.1%,0.0,--
2024-11-25,加菲猫家族,,1.84亿,0万,<0.1%,1,<0.1%,0.0,--
2024-11-25,根本停不下来,展映,7.5万,0万,<0.1%,2,<0.1%,0.0,--
2024-11-25,棉花糖和云朵妈妈1宝贝芯计划,,1290.9万,0万,<0.1%,1,<0.1%,0.0,--
2024-11-25,阿莫阿依,,1334.3万,0万,<0.1%,1,<0.1%,0.0,--
2024-11-25,堡垒,,281.7万,0万,<0.1%,1,<0.1%,0.0,--
2024-11-25,澳门风云,,5.24亿,0万,<0.1%,2,<0.1%,0.0,--
2024-11-25,百变马丁：怪兽大作战,,817.0万,0万,<0.1%,1,<0.1%,0.0,--
2024-11-25,八星抱喜,,8545.9万,0万,<0.1%,1,<0.1%,0.0,--
2024-11-25,一竞到底,上映25天,54.7万,0万,<0.1%,7,<0.1%,0.0,--
2024-11-26,好东西,上映5天,2.01亿,2431.25万,59.7%,96644,28.4%,6.1,4.4%
2024-11-26,胜券在握,上映12天,1.63亿,433.64万,10.6%,50105,14.7%,2.3,2.0%
2024-11-26,蜡笔小新：我们的恐龙日记,上映4天,6987.2万,322.07万,7.9%,51494,15.1%,1.7,1.5%
2024-11-26,角斗士2,上映5天,2696.3万,216.81万,5.3%,27251,8.0%,1.9,1.4%
2024-11-26,鸳鸯楼·惊魂,上映27天,1.02亿,122.10万,2.9%,21848,6.4%,1.7,1.7%
2024-11-26,毒液：最后一舞,上映35天,6.68亿,93.54万,2.2%,18435,5.4%,1.2,1.1%
2024-11-26,因果报应,点映,264.4万,79.37万,1.9%,8603,2.5%,2.5,2.2%
2024-11-26,哈利·波特与死亡圣器（上),,1.37亿,77.24万,1.8%,10362,3.0%,1.8,1.0%
2024-11-26,焚城,上映26天,2.53亿,75.46万,1.8%,13443,3.9%,1.4,1.3%
2024-11-26,志愿军：存亡之战,上映58天,11.99亿,46.88万,1.1%,2972,0.8%,4.1,4.4%
2024-11-26,风流一代,上映5天,404.5万,28.29万,0.6%,6267,1.8%,1.2,1.3%
2024-11-26,熊猫计划,上映57天,3.06亿,20.76万,0.5%,1376,0.4%,3.2,3.5%
2024-11-26,金钱堡垒,上映5天,263.4万,17.31万,0.4%,8810,2.5%,0.6,0.6%
2024-11-26,那个不为人知的故事,上映18天,1.12亿,9.51万,0.2%,5553,1.6%,0.5,0.5%
2024-11-26,哈利·波特与混血王子,,1.82亿,7.88万,0.1%,1075,0.3%,1.8,1.6%
2024-11-26,出发,,714.7万,7.72万,0.1%,17,<0.1%,129.4,--
2024-11-26,海上钢琴师,,1.51亿,7.28万,0.1%,1374,0.4%,1.4,1.5%
2024-11-26,与你相遇的日子,上映61天,950.8万,6.91万,0.1%,27,<0.1%,62.4,70.0%
2024-11-26,我谈的那场恋爱,上映12天,621.3万,6.37万,0.1%,1348,0.3%,1.3,1.4%
2024-11-26,里斯本丸沉没,上映82天,4572.3万,5.79万,0.1%,203,<0.1%,8.3,9.2%
2024-11-26,完美的日子,上映12天,193.8万,4.53万,0.1%,233,<0.1%,4.1,4.2%
2024-11-26,戏,点映,11.9万,4.43万,0.1%,10,<0.1%,149.4,36.7%
2024-11-26,火影忍者剧场版：忍者之路,上映18天,3041.6万,3.08万,<0.1%,1796,0.5%,0.5,0.5%
2024-11-26,海洋奇缘2,点映,16.6万,2.40万,<0.1%,3,<0.1%,100.0,--
2024-11-26,这个杀手不太冷,上映26天,1711.9万,2.33万,<0.1%,469,0.1%,1.2,1.3%
2024-11-26,红色一号：冬日行动,上映19天,2129.3万,2.26万,<0.1%,827,0.2%,0.7,0.7%
2024-11-26,苍穹,展映,2836.8万,2.24万,<0.1%,6,<0.1%,93.5,--
2024-11-26,蓦然回首,上映32天,5328.2万,1.99万,<0.1%,746,0.2%,0.7,0.6%
2024-11-26,乔妍的心事,上映32天,1.51亿,1.91万,<0.1%,928,0.2%,0.5,0.6%
2024-11-26,哈利·波特与凤凰社,,1.73亿,1.91万,<0.1%,319,<0.1%,1.5,1.4%
2024-11-26,门前宝地,上映68天,215.9万,1.76万,<0.1%,4,<0.1%,120.0,--
2024-11-26,伟大征程,上映27天,44.7万,1.73万,<0.1%,1570,0.4%,0.2,0.1%
2024-11-26,古宅谜案,上映12天,93.9万,1.30万,<0.1%,670,0.1%,0.6,0.6%
2024-11-26,戴假发的人,上映11天,417.5万,1.26万,<0.1%,1047,0.3%,0.3,0.2%
2024-11-26,哈利·波特与火焰杯,,1.28亿,1.20万,<0.1%,213,<0.1%,1.5,1.3%
2024-11-26,女人世界,上映22天,154.6万,1.07万,<0.1%,255,<0.1%,1.0,0.9%
2024-11-26,大突围,点映,77.2万,1.06万,<0.1%,28,<0.1%,9.6,4.1%
2024-11-26,只此青绿,上映57天,5162.5万,1.05万,<0.1%,271,<0.1%,0.9,0.8%
2024-11-26,刮大风,点映,4.4万,1.02万,<0.1%,6,<0.1%,55.5,39.7%
2024-11-26,最后的里程,上映18天,680.0万,0.99万,<0.1%,262,<0.1%,0.9,1.0%
2024-11-26,爱你很久很久,上映26天,1992.5万,0.82万,<0.1%,468,0.1%,0.5,0.5%
2024-11-26,哈利·波特与阿兹卡班的囚徒,,8139.1万,0.64万,<0.1%,107,<0.1%,1.5,1.6%
2024-11-26,冬天没有童话,,41.3万,0.54万,<0.1%,2,<0.1%,90.0,--
2024-11-26,富贵东西,,351.3万,0.51万,<0.1%,3,<0.1%,68.7,--
2024-11-26,一江清水,上映25天,16.1万,0.44万,<0.1%,21,<0.1%,6.5,12.5%
2024-11-26,海绵宝宝：拯救比奇堡,上映40天,3188.3万,0.43万,<0.1%,465,0.1%,0.3,0.2%
2024-11-26,出走的决心,上映73天,1.23亿,0.43万,<0.1%,94,<0.1%,1.4,1.7%
2024-11-26,逆行人生,,3.59亿,0.40万,<0.1%,11,<0.1%,9.0,9.9%
2024-11-26,哈利·波特与密室,,9702.3万,0.39万,<0.1%,68,<0.1%,1.3,1.3%
2024-11-26,一生交给党,,339.2万,0.38万,<0.1%,1,<0.1%,96.0,--
2024-11-26,云上的云,上映40天,1111.1万,0.38万,<0.1%,13,<0.1%,11.7,9.3%
2024-11-26,孤军,,3207.8万,0.36万,<0.1%,4,<0.1%,36.3,9.3%
2024-11-26,哈利·波特与魔法石,,3.24亿,0.32万,<0.1%,76,<0.1%,1.1,1.1%
2024-11-26,浴火之路,上映57天,4.61亿,0.29万,<0.1%,66,<0.1%,1.3,0.0%
2024-11-26,变形金刚：起源,上映61天,1.52亿,0.28万,<0.1%,194,<0.1%,0.4,0.3%
2024-11-26,大场面,上映73天,1245.5万,0.28万,<0.1%,1,<0.1%,80.0,--
2024-11-26,草原的夏天,,17.5万,0.27万,<0.1%,1,<0.1%,90.0,--
2024-11-26,熊猫盼盼,展映,55.9万,0.27万,<0.1%,1,<0.1%,90.0,--
2024-11-26,少年先锋,,74.3万,0.27万,<0.1%,1,<0.1%,1.0,--
2024-11-26,非洲：塞伦盖蒂国家公园,,19.1万,0.27万,<0.1%,1,<0.1%,90.0,--
2024-11-26,音乐课,上映43天,32.8万,0.26万,<0.1%,2,<0.1%,44.0,29.7%
2024-11-26,美人鱼的夏天,上映5天,17.6万,0.26万,<0.1%,357,0.1%,0.2,0.2%
2024-11-26,望道,,8203.0万,0.24万,<0.1%,2,<0.1%,26.0,33.9%
2024-11-26,开国大典(上集),,95.6万,0.24万,<0.1%,1,<0.1%,60.0,44.4%
2024-11-26,老枪,上映26天,558.9万,0.21万,<0.1%,189,<0.1%,0.3,0.4%
2024-11-26,密室逃脱,上映40天,428.6万,0.21万,<0.1%,20,<0.1%,2.8,0.6%
2024-11-26,西府游击队,上映7天,1.6万,0.20万,<0.1%,17,<0.1%,3.2,1.4%
2024-11-26,根据地,,193.4万,0.20万,<0.1%,1,<0.1%,80.0,--
2024-11-26,凤鸣飞天,上映28天,15.6万,0.19万,<0.1%,10,<0.1%,6.6,7.2%
2024-11-26,小倩,点映,55.3万,0.19万,<0.1%,6,<0.1%,9.7,11.1%
2024-11-26,荧屏奇遇,,18.5万,0.18万,<0.1%,1,<0.1%,63.0,--
2024-11-26,“上海少女”的三十年,上映19天,6.0万,0.18万,<0.1%,3,<0.1%,17.3,25.2%
2024-11-26,夏日心灵,上映62天,20.2万,0.16万,<0.1%,3,<0.1%,16.0,--
2024-11-26,光之子,上映38天,24.8万,0.15万,<0.1%,2,<0.1%,25.5,19.8%
2024-11-26,堡垒,,281.9万,0.15万,<0.1%,2,<0.1%,25.0,--
2024-11-26,范蠡献西施（戏曲 粤剧）,上映40天,7.9万,0.14万,<0.1%,4,<0.1%,13.8,1.9%
2024-11-26,江海儿女,,34.7万,0.14万,<0.1%,2,<0.1%,23.5,36.1%
2024-11-26,我的船长老师,上映5天,3.9万,0.13万,<0.1%,18,<0.1%,2.5,2.3%
2024-11-26,踢出个未来,上映60天,134.9万,0.13万,<0.1%,3,<0.1%,18.0,18.1%
2024-11-26,阿莫阿依,,1334.5万,0.12万,<0.1%,1,<0.1%,51.0,--
2024-11-26,小丑2：双重妄想,上映42天,5407.4万,0.11万,<0.1%,49,<0.1%,0.6,0.6%
2024-11-26,江南：在爱开始的地方等你,上映73天,353.3万,0.11万,<0.1%,133,<0.1%,0.2,0.1%
2024-11-26,危机航线,上映58天,3.00亿,0.10万,<0.1%,131,<0.1%,0.2,0.2%
2024-11-26,康熙与路易十四,,224.4万,0.10万,<0.1%,3,<0.1%,8.7,9.3%
2024-11-26,你是我的英雄,,1125.6万,0.10万,<0.1%,3,<0.1%,11.3,--
2024-11-26,749局,上映57天,3.75亿,0.09万,<0.1%,68,<0.1%,0.4,0.4%
2024-11-26,青年邓颖超,,145.2万,0.08万,<0.1%,2,<0.1%,20.0,--
2024-11-26,夹缝之间,上映19天,76.1万,0.07万,<0.1%,112,<0.1%,0.2,0.2%
2024-11-26,我要当老师,,1306.2万,0.06万,<0.1%,1,<0.1%,23.0,52.3%
2024-11-26,荒野机器人,上映68天,5176.3万,0.06万,<0.1%,43,<0.1%,0.4,0.3%
2024-11-26,单声,,185.2万,0.05万,<0.1%,1,<0.1%,19.0,--
2024-11-26,单单,上映16天,2.2万,0.04万,<0.1%,11,<0.1%,1.3,0.1%
2024-11-26,爱情神话,,2.60亿,0.03万,<0.1%,5,<0.1%,1.8,2.6%
2024-11-26,北极荒原,展映,172.9万,0.03万,<0.1%,1,<0.1%,8.0,2.3%
2024-11-26,猴脸,上映91天,2.7万,0.03万,<0.1%,2,<0.1%,5.0,19.2%
2024-11-26,抗战中的文艺（舞台纪录电影·话剧）,,15.8万,0.02万,<0.1%,2,<0.1%,5.0,--
2024-11-26,超级的我,,1224.7万,0.02万,<0.1%,8,<0.1%,1.0,--
2024-11-26,新大头儿子和小头爸爸6：迷你大冒险,上映57天,2820.5万,0.01万,<0.1%,76,<0.1%,<0.1,0.1%
2024-11-26,奇妙萌可大电影,上映73天,1109.2万,0.00万,<0.1%,30,<0.1%,0.1,0.1%
2024-11-26,冲撞,上映33天,8.5万,0.00万,<0.1%,4,<0.1%,0.3,0.2%
2024-11-26,一竞到底,上映26天,54.7万,0.00万,<0.1%,8,<0.1%,0.1,0.1%
2024-11-26,猎毒行动：终极对决,上映12天,3962,0.00万,<0.1%,4,<0.1%,0.3,--
2024-11-26,陌上花开,上映33天,9.9万,0.00万,<0.1%,6,<0.1%,0.2,0.4%
2024-11-26,你是我的冠军,上映7天,240,0.00万,<0.1%,2,<0.1%,0.5,--
2024-11-26,忠爱无言2,,87.5万,0.00万,<0.1%,2,<0.1%,0.5,--
2024-11-26,王牌二哈,,311.5万,0.00万,<0.1%,1,<0.1%,0.0,--
2024-11-26,流浪地球,,46.87亿,0万,<0.1%,2,<0.1%,0.0,--
2024-11-26,流浪地球2,,40.43亿,0万,<0.1%,3,<0.1%,0.0,--
2024-11-26,我，就是风!,,1222.2万,0万,<0.1%,1,<0.1%,0.0,--
2024-11-26,百星酒店,,5826.8万,0万,<0.1%,1,<0.1%,0.0,--
2024-11-26,终极角斗,,展映,0万,<0.1%,1,<0.1%,0.0,--
2024-11-26,脐带,,170.0万,0万,<0.1%,1,<0.1%,0.0,--
2024-11-26,清道夫,上映26天,7.8万,0万,<0.1%,2,<0.1%,0.0,--
2024-11-26,热血燃烧,,点映,0万,<0.1%,6,<0.1%,0.0,--
2024-11-26,湘女萧萧,,4606,0万,<0.1%,1,<0.1%,0.0,--
2024-11-26,走走停停,,1.02亿,0万,<0.1%,3,<0.1%,0.0,--
2024-11-26,我们的岁月,,1022.3万,0万,<0.1%,1,<0.1%,0.0,--
2024-11-26,小马鞭,,915.0万,0万,<0.1%,1,<0.1%,0.0,--
2024-11-26,时光记忆,上映67天,6896,0万,<0.1%,1,<0.1%,0.0,--
2024-11-26,永不消逝的电波（舞台纪录电影·舞剧）,,223.6万,0万,<0.1%,1,<0.1%,0.0,--
2024-11-26,金腰带,上映96天,114.8万,0万,<0.1%,1,<0.1%,0.0,--
2024-11-26,魔幻奇缘之宝石公主,,813.9万,0万,<0.1%,1,<0.1%,0.0,--
2024-11-26,八角笼中,,22.07亿,0万,<0.1%,4,<0.1%,0.0,--
2024-11-26,沉默高原,上映40天,7.4万,0万,<0.1%,1,<0.1%,0.0,--
2024-11-26,解密,,3.34亿,0万,<0.1%,8,<0.1%,0.0,--
2024-11-26,申纪兰,展映,5.1万,0万,<0.1%,1,<0.1%,0.0,--
2024-11-26,草原大作战,,190.6万,0万,<0.1%,2,<0.1%,0.0,--
2024-11-26,申纪兰,,483.3万,0万,<0.1%,4,<0.1%,0.0,--
2024-11-26,抓娃娃,,33.27亿,0万,<0.1%,1,<0.1%,0.0,--
2024-11-26,爆款好人,上映57天,2714.1万,0万,<0.1%,11,<0.1%,0.0,--
2024-11-26,乡见未晚,上映75天,30.3万,0万,<0.1%,4,<0.1%,0.0,--
2024-11-26,消失的她,,35.23亿,0万,<0.1%,1,<0.1%,0.0,--
2024-11-26,熊出没·伴我“熊芯”,,14.95亿,0万,<0.1%,1,<0.1%,0.0,--
2024-11-26,爸爸是外星人,,505.5万,0万,<0.1%,1,<0.1%,0.0,--
2024-11-26,消失的子弹,,1.60亿,0万,<0.1%,2,<0.1%,0.0,--
2024-11-26,宇宙探索编辑部,,6723.2万,0万,<0.1%,1,<0.1%,0.0,--
2024-11-26,奇异世界历险记,,502.1万,0万,<0.1%,1,<0.1%,0.0,--
2024-11-26,疯狂丑小鸭,,2344.1万,0万,<0.1%,1,<0.1%,0.0,--
2024-11-26,白夜书店,上映61天,1151,0万,<0.1%,1,<0.1%,0.0,--
2024-11-26,澳门风云,,5.24亿,0万,<0.1%,2,<0.1%,0.0,--
2024-11-26,志愿军：雄兵出击,,8.68亿,0万,<0.1%,2,<0.1%,0.0,--
2024-11-26,八星抱喜,,8545.9万,0万,<0.1%,2,<0.1%,0.0,--
2024-11-26,一代人师严修,上映78天,10.8万,0万,<0.1%,1,<0.1%,0.0,--
2024-11-26,从21世纪安全撤离,,1.12亿,0万,<0.1%,1,<0.1%,0.0,--
2024-11-26,看不见的朋友,上映68天,72.9万,0万,<0.1%,1,<0.1%,0.0,--
2024-11-26,坂本龙一：杰作,,494.4万,0万,<0.1%,1,<0.1%,0.0,--
2024-11-26,名侦探柯南：百万美元的五棱星,,2.86亿,0万,<0.1%,1,<0.1%,0.0,--
2024-11-26,蜡笔小新：梦境世界大突击,,2242.9万,0万,<0.1%,1,<0.1%,0.0,--
2024-11-26,航海王：红发歌姬,,1.85亿,0万,<0.1%,1,<0.1%,0.0,--
2024-11-26,哈利·波特与死亡圣器（下）,,4.02亿,0万,<0.1%,3,<0.1%,0.0,0.5%
2024-11-27,好东西,上映6天,2.25亿,2374.24万,59.8%,99320,29.2%,5.7,4.2%
2024-11-27,胜券在握,上映13天,1.67亿,412.30万,10.3%,49835,14.6%,2.2,1.9%
2024-11-27,蜡笔小新：我们的恐龙日记,上映5天,7262.5万,275.27万,6.9%,49008,14.4%,1.5,1.3%
2024-11-27,角斗士2,上映6天,2891.0万,194.68万,4.9%,26357,7.7%,1.8,1.3%
2024-11-27,鸳鸯楼·惊魂,上映28天,1.03亿,114.75万,2.8%,21993,6.4%,1.6,1.6%
2024-11-27,因果报应,点映,357.9万,93.56万,2.3%,9725,2.8%,2.6,2.3%
2024-11-27,毒液：最后一舞,上映36天,6.69亿,86.24万,2.1%,18409,5.4%,1.2,1.0%
2024-11-27,焚城,上映27天,2.54亿,83.87万,2.1%,13390,3.9%,1.5,1.5%
2024-11-27,哈利·波特与死亡圣器（上),,1.38亿,73.03万,1.8%,9983,2.9%,1.8,1.0%
2024-11-27,志愿军：存亡之战,上映59天,12.00亿,65.52万,1.6%,3138,0.9%,5.3,5.8%
2024-11-27,风流一代,上映6天,443.0万,38.53万,0.9%,6237,1.8%,1.5,1.6%
2024-11-27,熊猫计划,上映58天,3.06亿,19.07万,0.4%,1409,0.4%,2.8,3.0%
2024-11-27,金钱堡垒,上映6天,279.1万,15.63万,0.3%,8490,2.5%,0.5,0.5%
2024-11-27,里斯本丸沉没,上映83天,4582.7万,10.39万,0.2%,209,<0.1%,15.5,15.2%
2024-11-27,出发,,722.6万,7.87万,0.1%,18,<0.1%,123.1,8.1%
2024-11-27,哈利·波特与混血王子,,1.82亿,7.33万,0.1%,1111,0.3%,1.6,1.4%
2024-11-27,海上钢琴师,,1.51亿,7.18万,0.1%,1357,0.3%,1.4,1.5%
2024-11-27,那个不为人知的故事,上映19天,1.12亿,6.80万,0.1%,5442,1.6%,0.3,0.3%
2024-11-27,与你相遇的日子,上映62天,957.3万,6.56万,0.1%,28,<0.1%,57.2,79.2%
2024-11-27,我谈的那场恋爱,上映13天,627.4万,6.09万,0.1%,1371,0.4%,1.2,1.3%
2024-11-27,戏,点映,17.7万,5.80万,0.1%,13,<0.1%,154.0,22.4%
2024-11-27,完美的日子,上映13天,198.7万,4.88万,0.1%,228,<0.1%,4.9,4.9%
2024-11-27,单单,上映17天,6.3万,4.16万,0.1%,70,<0.1%,54.6,28.6%
2024-11-27,乔妍的心事,上映33天,1.51亿,3.90万,<0.1%,913,0.2%,1.1,0.5%
2024-11-27,749局,上映58天,3.75亿,3.49万,<0.1%,95,<0.1%,10.7,6.6%
2024-11-27,爱你很久很久,上映27天,1995.9万,3.45万,<0.1%,474,0.1%,1.9,0.4%
2024-11-27,火影忍者剧场版：忍者之路,上映19天,3045.0万,3.34万,<0.1%,1792,0.5%,0.5,0.5%
2024-11-27,伟大征程,上映28天,47.0万,2.34万,<0.1%,1516,0.4%,0.4,0.1%
2024-11-27,蓦然回首,上映33天,5330.4万,2.21万,<0.1%,707,0.2%,0.8,0.7%
2024-11-27,大突围,点映,79.2万,2.06万,<0.1%,34,<0.1%,17.0,9.9%
2024-11-27,哈利·波特与凤凰社,,1.73亿,2.05万,<0.1%,331,<0.1%,1.6,1.6%
2024-11-27,苍穹,展映,2838.9万,2.03万,<0.1%,6,<0.1%,84.7,--
2024-11-27,这个杀手不太冷,上映27天,1713.9万,1.99万,<0.1%,491,0.1%,1.1,1.1%
2024-11-27,红色一号：冬日行动,上映20天,2131.2万,1.88万,<0.1%,794,0.2%,0.6,0.6%
2024-11-27,门前宝地,上映69天,217.7万,1.80万,<0.1%,4,<0.1%,122.5,--
2024-11-27,古宅谜案,上映13天,95.3万,1.30万,<0.1%,683,0.2%,0.5,0.5%
2024-11-27,只此青绿,上映58天,5163.6万,1.11万,<0.1%,285,<0.1%,1.0,0.7%
2024-11-27,哈利·波特与火焰杯,,1.28亿,1.05万,<0.1%,202,<0.1%,1.3,1.2%
2024-11-27,最后的里程,上映19天,680.9万,0.87万,<0.1%,256,<0.1%,0.9,1.0%
2024-11-27,女人世界,上映23天,155.4万,0.87万,<0.1%,255,<0.1%,0.9,0.8%
2024-11-27,哈利·波特与阿兹卡班的囚徒,,8139.8万,0.75万,<0.1%,107,<0.1%,1.6,1.5%
2024-11-27,危机航线,上映59天,3.00亿,0.69万,<0.1%,129,<0.1%,1.4,0.3%
2024-11-27,冬天没有童话,,41.9万,0.60万,<0.1%,2,<0.1%,100.0,--
2024-11-27,戴假发的人,上映12天,418.1万,0.59万,<0.1%,984,0.2%,0.2,0.1%
2024-11-27,一生交给党,,339.7万,0.56万,<0.1%,6,<0.1%,31.0,36.9%
2024-11-27,康熙与路易十四,,225.0万,0.54万,<0.1%,3,<0.1%,45.0,6.7%
2024-11-27,出走的决心,上映74天,1.23亿,0.49万,<0.1%,94,<0.1%,1.6,2.0%
2024-11-27,边疆军魂,,48.4万,0.48万,<0.1%,6,<0.1%,40.3,31.9%
2024-11-27,一江清水,上映26天,16.5万,0.47万,<0.1%,20,<0.1%,6.5,--
2024-11-27,富贵东西,,351.8万,0.45万,<0.1%,3,<0.1%,60.0,--
2024-11-27,刮大风,零点场,4.8万,0.44万,<0.1%,5,<0.1%,26.8,29.2%
2024-11-27,哈利·波特与密室,,9702.7万,0.42万,<0.1%,71,<0.1%,1.3,1.4%
2024-11-27,“上海少女”的三十年,上映20天,6.4万,0.42万,<0.1%,5,<0.1%,12.6,18.3%
2024-11-27,密室逃脱,上映41天,429.0万,0.42万,<0.1%,30,<0.1%,3.6,0.0%
2024-11-27,哈利·波特与魔法石,,3.24亿,0.41万,<0.1%,79,<0.1%,1.2,1.1%
2024-11-27,云上的云,上映41天,1111.5万,0.38万,<0.1%,17,<0.1%,9.1,10.3%
2024-11-27,海绵宝宝：拯救比奇堡,上映41天,3188.7万,0.38万,<0.1%,495,0.1%,0.2,0.2%
2024-11-27,深城树下,,5.8万,0.37万,<0.1%,1,<0.1%,125.0,--
2024-11-27,光之子,上映39天,25.1万,0.34万,<0.1%,2,<0.1%,57.5,50.0%
2024-11-27,凤鸣飞天,上映29天,15.9万,0.31万,<0.1%,11,<0.1%,9.5,7.9%
2024-11-27,青年邓颖超,,145.5万,0.31万,<0.1%,3,<0.1%,51.7,--
2024-11-27,草原的夏天,,17.8万,0.30万,<0.1%,1,<0.1%,100.0,--
2024-11-27,熊猫盼盼,展映,56.2万,0.30万,<0.1%,1,<0.1%,100.0,--
2024-11-27,非洲：塞伦盖蒂国家公园,,19.4万,0.30万,<0.1%,1,<0.1%,100.0,--
2024-11-27,你是我的英雄,,1125.9万,0.29万,<0.1%,5,<0.1%,19.4,--
2024-11-27,开国大典(上集),,95.9万,0.27万,<0.1%,2,<0.1%,32.0,65.9%
2024-11-27,美人鱼的夏天,上映6天,17.9万,0.27万,<0.1%,345,0.1%,0.2,0.2%
2024-11-27,荧屏奇遇,,18.7万,0.27万,<0.1%,1,<0.1%,91.0,--
2024-11-27,小倩,点映,55.5万,0.27万,<0.1%,6,<0.1%,14.3,12.5%
2024-11-27,士兵顺溜：兵王争锋,,200.6万,0.26万,<0.1%,2,<0.1%,44.0,40.9%
2024-11-27,单声,,185.5万,0.26万,<0.1%,3,<0.1%,29.0,--
2024-11-27,老枪,上映27天,559.1万,0.26万,<0.1%,167,<0.1%,0.5,0.5%
2024-11-27,孤军,,3208.0万,0.21万,<0.1%,4,<0.1%,21.5,--
2024-11-27,望道,,8203.2万,0.18万,<0.1%,1,<0.1%,53.0,75.7%
2024-11-27,浴火之路,上映58天,4.61亿,0.17万,<0.1%,79,<0.1%,0.5,0.1%
2024-11-27,小丑2：双重妄想,上映43天,5407.5万,0.13万,<0.1%,48,<0.1%,0.7,0.7%
2024-11-27,西府游击队,上映8天,1.7万,0.13万,<0.1%,15,<0.1%,2.3,0.0%
2024-11-27,夏日心灵,上映63天,20.3万,0.12万,<0.1%,3,<0.1%,12.0,12.5%
2024-11-27,夹缝之间,上映20天,76.2万,0.09万,<0.1%,108,<0.1%,0.3,0.2%
2024-11-27,我的船长老师,上映6天,4.0万,0.07万,<0.1%,17,<0.1%,1.4,1.7%
2024-11-27,陌上花开,上映34天,9.9万,0.06万,<0.1%,7,<0.1%,3.7,9.2%
2024-11-27,阿莫阿依,,1334.5万,0.06万,<0.1%,1,<0.1%,24.0,--
2024-11-27,荒野机器人,上映69天,5176.4万,0.05万,<0.1%,50,<0.1%,0.3,0.3%
2024-11-27,江南：在爱开始的地方等你,上映74天,353.3万,0.04万,<0.1%,141,<0.1%,0.1,0.1%
2024-11-27,猴脸,上映92天,2.7万,0.04万,<0.1%,2,<0.1%,7.5,28.8%
2024-11-27,新大头儿子和小头爸爸6：迷你大冒险,上映58天,2820.6万,0.04万,<0.1%,79,<0.1%,0.2,0.2%
2024-11-27,江海儿女,,34.8万,0.03万,<0.1%,1,<0.1%,12.0,23.5%
2024-11-27,碧玉簪,,3.1万,0.03万,<0.1%,1,<0.1%,30.0,--
2024-11-27,超级的我,,1224.8万,0.02万,<0.1%,8,<0.1%,1.1,--
2024-11-27,奇妙萌可大电影,上映74天,1109.3万,0.02万,<0.1%,25,<0.1%,0.3,0.2%
2024-11-27,我和我的父辈,,14.77亿,0.02万,<0.1%,1,<0.1%,10.0,--
2024-11-27,逆行人生,,3.59亿,0.02万,<0.1%,10,<0.1%,0.6,0.7%
2024-11-27,爱情神话,,2.60亿,0.02万,<0.1%,8,<0.1%,0.6,0.8%
2024-11-27,爆款好人,上映58天,2714.1万,0.00万,<0.1%,17,<0.1%,0.1,0.1%
2024-11-27,追鱼,展映,4.9万,0.00万,<0.1%,1,<0.1%,5.0,4.6%
2024-11-27,毛泽东在上海1924,,14.8万,0.00万,<0.1%,1,<0.1%,3.0,2.1%
2024-11-27,大场面,上映74天,1245.5万,0.00万,<0.1%,1,<0.1%,1.0,--
2024-11-27,猎毒行动：终极对决,上映13天,3992,0.00万,<0.1%,5,<0.1%,0.2,--
2024-11-27,范蠡献西施（戏曲 粤剧）,上映41天,7.9万,0.00万,<0.1%,6,<0.1%,0.2,0.1%
2024-11-27,坂本龙一：杰作,,494.4万,0.00万,<0.1%,1,<0.1%,1.0,1.2%
2024-11-27,你是我的冠军,上映8天,260,0.00万,<0.1%,82,<0.1%,<0.1,0.0%
2024-11-27,忠爱无言2,,87.5万,0.00万,<0.1%,1,<0.1%,1.0,--
2024-11-27,流浪地球,,46.87亿,0万,<0.1%,3,<0.1%,0.0,--
2024-11-27,流浪地球2,,40.43亿,0万,<0.1%,3,<0.1%,0.0,--
2024-11-27,我，就是风!,,1222.2万,0万,<0.1%,1,<0.1%,0.0,--
2024-11-27,渼陂,上映92天,58.1万,0万,<0.1%,1,<0.1%,0.0,--
2024-11-27,百星酒店,,5826.8万,0万,<0.1%,2,<0.1%,0.0,--
2024-11-27,冲撞,上映34天,8.5万,0万,<0.1%,3,<0.1%,0.0,--
2024-11-27,脐带,,170.0万,0万,<0.1%,1,<0.1%,0.0,--
2024-11-27,那山那人那狗,展映,6502,0万,<0.1%,1,<0.1%,0.0,--
2024-11-27,抗战中的文艺（舞台纪录电影·话剧）,,15.8万,0万,<0.1%,1,<0.1%,0.0,--
2024-11-27,清道夫,上映27天,7.8万,0万,<0.1%,4,<0.1%,0.0,--
2024-11-27,热血燃烧,,点映,0万,<0.1%,6,<0.1%,0.0,--
2024-11-27,疯狂丑小鸭2靠谱英雄,,1002.3万,0万,<0.1%,1,<0.1%,0.0,--
2024-11-27,睿王与庄妃,,2.3万,0万,<0.1%,1,<0.1%,0.0,--
2024-11-27,走走停停,,1.02亿,0万,<0.1%,1,<0.1%,0.0,--
2024-11-27,非凡任务,,1.56亿,0万,<0.1%,1,<0.1%,0.0,--
2024-11-27,堡垒,,281.9万,0万,<0.1%,1,<0.1%,0.0,--
2024-11-27,山河故人,,3236.3万,0万,<0.1%,2,<0.1%,0.0,--
2024-11-27,时光记忆,上映68天,6896,0万,<0.1%,1,<0.1%,0.0,--
2024-11-27,魔幻奇缘之宝石公主,,813.9万,0万,<0.1%,1,<0.1%,0.0,--
2024-11-27,八角笼中,,22.07亿,0万,<0.1%,4,<0.1%,0.0,--
2024-11-27,醒来2,,381.7万,0万,<0.1%,1,<0.1%,0.0,--
2024-11-27,狃花女,,17.9万,0万,<0.1%,1,<0.1%,0.0,--
2024-11-27,沉默高原,上映41天,7.4万,0万,<0.1%,2,<0.1%,0.0,--
2024-11-27,解密,,3.34亿,0万,<0.1%,8,<0.1%,0.0,--
2024-11-27,申纪兰,展映,5.1万,0万,<0.1%,1,<0.1%,0.0,--
2024-11-27,棉花糖和云朵妈妈1宝贝芯计划,,1290.9万,0万,<0.1%,1,<0.1%,0.0,--
2024-11-27,百变马丁：怪兽大作战,,817.0万,0万,<0.1%,1,<0.1%,0.0,--
2024-11-27,草原大作战,,190.6万,0万,<0.1%,3,<0.1%,0.0,--
2024-11-27,井冈星火,,1650.7万,0万,<0.1%,1,<0.1%,0.0,--
2024-11-27,申纪兰,,483.3万,0万,<0.1%,6,<0.1%,0.0,--
2024-11-27,白蛇：浮生,,4.25亿,0万,<0.1%,1,<0.1%,0.0,--
2024-11-27,音乐课,上映44天,32.8万,0万,<0.1%,3,<0.1%,0.0,--
2024-11-27,后池新愚公,,展映,0万,<0.1%,1,<0.1%,0.0,--
2024-11-27,乡见未晚,上映76天,30.3万,0万,<0.1%,4,<0.1%,0.0,--
2024-11-27,消失的她,,35.23亿,0万,<0.1%,2,<0.1%,0.0,--
2024-11-27,熊出没·伴我“熊芯”,,14.95亿,0万,<0.1%,1,<0.1%,0.0,--
2024-11-27,梯玛和他的儿子,,,0万,<0.1%,1,<0.1%,0.0,--
2024-11-27,爸爸是外星人,,505.5万,0万,<0.1%,1,<0.1%,0.0,--
2024-11-27,一竞到底,上映27天,54.7万,0万,<0.1%,5,<0.1%,0.0,--
2024-11-27,消失的子弹,,1.60亿,0万,<0.1%,2,<0.1%,0.0,--
2024-11-27,魔镜奇缘,,1597.5万,0万,<0.1%,1,<0.1%,0.0,--
2024-11-27,宇宙探索编辑部,,6723.2万,0万,<0.1%,1,<0.1%,0.0,--
2024-11-27,奇异世界历险记,,502.1万,0万,<0.1%,1,<0.1%,0.0,--
2024-11-27,澳门风云,,5.24亿,0万,<0.1%,1,<0.1%,0.0,--
2024-11-27,志愿军：雄兵出击,,8.68亿,0万,<0.1%,1,<0.1%,0.0,--
2024-11-27,八星抱喜,,8545.9万,0万,<0.1%,2,<0.1%,0.0,--
2024-11-27,与孩子一同成长,上映79天,15.1万,0万,<0.1%,1,<0.1%,0.0,--
2024-11-27,从21世纪安全撤离,,1.12亿,0万,<0.1%,1,<0.1%,0.0,--
2024-11-27,看不见的朋友,上映69天,72.9万,0万,<0.1%,1,<0.1%,0.0,--
2024-11-27,816,上映40天,81.0万,0万,<0.1%,1,<0.1%,0.0,--
2024-11-27,名侦探柯南：百万美元的五棱星,,2.86亿,0万,<0.1%,1,<0.1%,0.0,--
2024-11-27,蜡笔小新：梦境世界大突击,,2242.9万,0万,<0.1%,1,<0.1%,0.0,--
2024-11-27,航海王：红发歌姬,,1.85亿,0万,<0.1%,1,<0.1%,0.0,--
2024-11-27,爱乐之城,,2.79亿,0万,<0.1%,1,<0.1%,0.0,--
2024-11-27,哈利·波特与死亡圣器（下）,,4.02亿,0万,<0.1%,6,<0.1%,0.0,--
2024-11-27,变形金刚：起源,上映62天,1.52亿,0万,<0.1%,24,<0.1%,0.0,0.1%
2024-11-27,燃烧的巴黎圣母院,,99.7万,0万,<0.1%,2,<0.1%,0.0,--
2024-11-27,北极荒原,展映,172.9万,0万,<0.1%,1,<0.1%,0.0,--
2024-11-28,好东西,上映7天,2.47亿,2186.87万,57.9%,100733,29.7%,5.2,3.8%
2024-11-28,胜券在握,上映14天,1.72亿,415.24万,11.0%,49907,14.7%,2.3,1.9%
2024-11-28,蜡笔小新：我们的恐龙日记,上映6天,7492.6万,230.13万,6.0%,47182,13.9%,1.3,1.2%
2024-11-28,角斗士2,上映7天,3078.4万,187.41万,4.9%,25662,7.5%,1.7,1.3%
2024-11-28,鸳鸯楼·惊魂,上映29天,1.04亿,111.75万,2.9%,22023,6.5%,1.5,1.6%
2024-11-28,因果报应,点映,460.9万,103.01万,2.7%,10155,3.0%,2.7,2.5%
2024-11-28,焚城,上映28天,2.55亿,85.40万,2.2%,13313,3.9%,1.6,1.5%
2024-11-28,毒液：最后一舞,上映37天,6.70亿,84.48万,2.2%,18376,5.4%,1.1,1.0%
2024-11-28,志愿军：存亡之战,上映60天,12.01亿,82.78万,2.1%,3270,0.9%,5.9,6.5%
2024-11-28,哈利·波特与死亡圣器（上),,1.39亿,74.14万,1.9%,9879,2.9%,1.8,1.1%
2024-11-28,风流一代,上映7天,477.6万,34.61万,0.9%,5892,1.7%,1.5,1.6%
2024-11-28,里斯本丸沉没,上映84天,4598.6万,15.85万,0.4%,254,<0.1%,20.4,23.5%
2024-11-28,金钱堡垒,上映7天,293.4万,14.32万,0.3%,8199,2.4%,0.5,0.5%
2024-11-28,熊猫计划,上映59天,3.07亿,12.89万,0.3%,1349,0.3%,2.1,2.2%
2024-11-28,出发,,731.2万,8.59万,0.2%,16,<0.1%,154.3,--
2024-11-28,海上钢琴师,,1.51亿,7.44万,0.1%,1369,0.4%,1.4,1.5%
2024-11-28,哈利·波特与混血王子,,1.82亿,7.19万,0.1%,1081,0.3%,1.7,1.4%
2024-11-28,那个不为人知的故事,上映20天,1.12亿,6.86万,0.1%,5444,1.6%,0.3,0.3%
2024-11-28,好运来,点映,6.8万,6.82万,0.1%,10,<0.1%,123.5,--
2024-11-28,与你相遇的日子,上映63天,963.6万,6.22万,0.1%,25,<0.1%,55.7,53.5%
2024-11-28,我谈的那场恋爱,上映14天,632.9万,5.52万,0.1%,1323,0.3%,1.1,1.2%
2024-11-28,荒野机器人,上映70天,5181.5万,5.07万,0.1%,85,<0.1%,17.3,0.5%
2024-11-28,完美的日子,上映14天,203.7万,5.03万,0.1%,235,<0.1%,4.6,4.6%
2024-11-28,伟大征程,上映29天,51.1万,4.08万,0.1%,1208,0.3%,0.8,0.4%
2024-11-28,爱你很久很久,上映28天,1999.8万,3.89万,0.1%,469,0.1%,2.1,0.7%
2024-11-28,哈利·波特与死亡圣器（下）,,4.02亿,3.74万,<0.1%,119,<0.1%,6.8,3.2%
2024-11-28,刮大风,上映首日,8.3万,3.49万,<0.1%,61,<0.1%,16.1,16.2%
2024-11-28,乔妍的心事,上映34天,1.51亿,3.40万,<0.1%,905,0.2%,0.9,1.0%
2024-11-28,戏,零点场,20.9万,3.19万,<0.1%,10,<0.1%,113.0,24.5%
2024-11-28,苍穹,展映,2841.9万,3.03万,<0.1%,6,<0.1%,126.5,--
2024-11-28,火影忍者剧场版：忍者之路,上映20天,3047.8万,2.88万,<0.1%,1783,0.5%,0.4,0.4%
2024-11-28,海洋奇缘2,零点场,19.3万,2.76万,<0.1%,141,<0.1%,5.0,3.0%
2024-11-28,这个杀手不太冷,上映28天,1716.3万,2.37万,<0.1%,494,0.1%,1.2,1.2%
2024-11-28,哈利·波特与凤凰社,,1.73亿,2.36万,<0.1%,330,<0.1%,1.9,1.4%
2024-11-28,蓦然回首,上映34天,5332.5万,2.11万,<0.1%,727,0.2%,0.8,0.7%
2024-11-28,只此青绿,上映59天,5165.6万,2.01万,<0.1%,302,<0.1%,1.6,1.2%
2024-11-28,大突围,零点场,81.1万,1.89万,<0.1%,48,<0.1%,10.7,3.8%
2024-11-28,红色一号：冬日行动,上映21天,2133.0万,1.82万,<0.1%,789,0.2%,0.6,0.5%
2024-11-28,门前宝地,上映70天,219.4万,1.76万,<0.1%,4,<0.1%,120.0,--
2024-11-28,不想和你有遗憾,点映,1.5万,1.50万,<0.1%,2,<0.1%,150.0,24.7%
2024-11-28,哈利·波特与火焰杯,,1.28亿,1.30万,<0.1%,193,<0.1%,1.7,1.6%
2024-11-28,凤鸣飞天,上映30天,17.2万,1.26万,<0.1%,14,<0.1%,30.2,20.5%
2024-11-28,古宅谜案,上映14天,96.5万,1.24万,<0.1%,712,0.2%,0.5,0.5%
2024-11-28,女人世界,上映24天,156.6万,1.16万,<0.1%,282,<0.1%,1.0,0.8%
2024-11-28,最后的里程,上映20天,682.0万,1.08万,<0.1%,256,<0.1%,1.0,1.2%
2024-11-28,你是我的英雄,,1127.0万,1.07万,<0.1%,14,<0.1%,25.6,5.0%
2024-11-28,单声,,186.5万,1.01万,<0.1%,12,<0.1%,31.0,4.0%
2024-11-28,戴假发的人,上映13天,419.0万,0.85万,<0.1%,952,0.2%,0.2,0.2%
2024-11-28,富贵东西,,352.5万,0.75万,<0.1%,4,<0.1%,64.5,--
2024-11-28,哈利·波特与阿兹卡班的囚徒,,8140.5万,0.70万,<0.1%,106,<0.1%,1.6,1.7%
2024-11-28,冬天没有童话,,42.6万,0.67万,<0.1%,2,<0.1%,113.0,--
2024-11-28,西府游击队,上映9天,2.3万,0.59万,<0.1%,18,<0.1%,8.1,3.0%
2024-11-28,青年邓颖超,,146.0万,0.52万,<0.1%,6,<0.1%,43.5,--
2024-11-28,一生交给党,,340.2万,0.47万,<0.1%,6,<0.1%,18.8,10.5%
2024-11-28,云上的云,上映42天,1112.0万,0.44万,<0.1%,18,<0.1%,9.8,7.1%
2024-11-28,哈利·波特与密室,,9703.1万,0.43万,<0.1%,67,<0.1%,1.7,1.7%
2024-11-28,出走的决心,上映75天,1.23亿,0.41万,<0.1%,99,<0.1%,1.3,1.5%
2024-11-28,浴火之路,上映59天,4.61亿,0.40万,<0.1%,87,<0.1%,1.0,0.7%
2024-11-28,边疆军魂,,48.8万,0.40万,<0.1%,5,<0.1%,40.8,--
2024-11-28,哈利·波特与魔法石,,3.24亿,0.40万,<0.1%,75,<0.1%,1.3,1.4%
2024-11-28,美人鱼的夏天,上映7天,18.3万,0.40万,<0.1%,314,<0.1%,0.4,0.4%
2024-11-28,一江清水,上映27天,16.9万,0.36万,<0.1%,19,<0.1%,5.6,--
2024-11-28,非洲：塞伦盖蒂国家公园,,19.7万,0.34万,<0.1%,1,<0.1%,116.0,--
2024-11-28,康熙与路易十四,,225.3万,0.34万,<0.1%,3,<0.1%,27.0,22.5%
2024-11-28,海绵宝宝：拯救比奇堡,上映42天,3189.0万,0.33万,<0.1%,493,0.1%,0.2,0.2%
2024-11-28,草原的夏天,,18.2万,0.33万,<0.1%,1,<0.1%,113.0,--
2024-11-28,熊猫盼盼,展映,56.5万,0.33万,<0.1%,1,<0.1%,113.0,--
2024-11-28,一代人师严修,上映80天,11.2万,0.33万,<0.1%,6,<0.1%,22.5,11.2%
2024-11-28,老枪,上映28天,559.4万,0.30万,<0.1%,155,<0.1%,0.6,0.6%
2024-11-28,孤军,,3208.3万,0.30万,<0.1%,4,<0.1%,30.5,--
2024-11-28,危机航线,上映60天,3.00亿,0.28万,<0.1%,132,<0.1%,0.6,0.6%
2024-11-28,桃李无言,上映43天,30.4万,0.28万,<0.1%,1,<0.1%,80.0,66.3%
2024-11-28,昆岗的号角,上映首日,2153,0.21万,<0.1%,11,<0.1%,5.5,1.3%
2024-11-28,猎毒行动：终极对决,上映14天,6142,0.21万,<0.1%,4,<0.1%,13.5,--
2024-11-28,749局,上映59天,3.75亿,0.21万,<0.1%,91,<0.1%,0.8,0.6%
2024-11-28,根据地,,193.6万,0.20万,<0.1%,1,<0.1%,80.0,--
2024-11-28,周立波回清溪,,1057.3万,0.19万,<0.1%,2,<0.1%,39.0,--
2024-11-28,小倩,点映,55.7万,0.19万,<0.1%,7,<0.1%,8.1,6.7%
2024-11-28,江海儿女,,34.9万,0.18万,<0.1%,3,<0.1%,20.0,28.4%
2024-11-28,北极荒原,展映,173.1万,0.17万,<0.1%,1,<0.1%,44.0,13.5%
2024-11-28,我的船长老师,上映7天,4.1万,0.17万,<0.1%,15,<0.1%,4.0,4.2%
2024-11-28,我要当老师,,1306.4万,0.14万,<0.1%,2,<0.1%,24.0,--
2024-11-28,断线之后,,23.2万,0.11万,<0.1%,1,<0.1%,56.0,--
2024-11-28,浪漫风暴,展映,1110,0.11万,<0.1%,1,<0.1%,37.0,--
2024-11-28,夹缝之间,上映21天,76.3万,0.10万,<0.1%,112,<0.1%,0.3,0.3%
2024-11-28,小丑2：双重妄想,上映44天,5407.6万,0.08万,<0.1%,42,<0.1%,0.5,0.5%
2024-11-28,光之子,上映40天,25.2万,0.08万,<0.1%,1,<0.1%,27.0,14.2%
2024-11-28,夏日心灵,上映64天,20.4万,0.08万,<0.1%,2,<0.1%,11.5,--
2024-11-28,噬魂岛,零点场,1267,0.07万,<0.1%,19,<0.1%,1.3,1.6%
2024-11-28,巡察,,13.5万,0.06万,<0.1%,1,<0.1%,31.0,53.4%
2024-11-28,反腐枪声,,12.0万,0.06万,<0.1%,1,<0.1%,31.0,--
2024-11-28,爆款好人,上映59天,2714.1万,0.06万,<0.1%,18,<0.1%,0.9,0.5%
2024-11-28,同学们好,,600,0.06万,<0.1%,1,<0.1%,20.0,19.6%
2024-11-28,唤醒者,,522.4万,0.05万,<0.1%,1,<0.1%,23.0,--
2024-11-28,开国宴风云,上映70天,56.0万,0.05万,<0.1%,1,<0.1%,16.0,26.2%
2024-11-28,睿王与庄妃,,2.3万,0.05万,<0.1%,1,<0.1%,16.0,18.4%
2024-11-28,邓小平小道,,2745.1万,0.05万,<0.1%,1,<0.1%,15.0,17.4%
2024-11-28,踢出个未来,上映62天,135.0万,0.05万,<0.1%,1,<0.1%,20.0,--
2024-11-28,坂本龙一：杰作,,494.4万,0.04万,<0.1%,2,<0.1%,6.0,--
2024-11-28,逆行人生,,3.59亿,0.04万,<0.1%,10,<0.1%,1.1,1.4%
2024-11-28,密室逃脱,上映42天,429.0万,0.04万,<0.1%,21,<0.1%,0.6,0.1%
2024-11-28,阿莫阿依,,1334.6万,0.03万,<0.1%,1,<0.1%,15.0,--
2024-11-28,江南：在爱开始的地方等你,上映75天,353.3万,0.03万,<0.1%,133,<0.1%,<0.1,0.0%
2024-11-28,加拉帕戈斯：自然的仙境,展映,80.6万,0.03万,<0.1%,1,<0.1%,7.0,2.0%
2024-11-28,猴脸,上映93天,2.8万,0.03万,<0.1%,2,<0.1%,5.0,19.2%
2024-11-28,爱情神话,,2.60亿,0.02万,<0.1%,8,<0.1%,0.9,0.8%
2024-11-28,新大头儿子和小头爸爸6：迷你大冒险,上映59天,2820.6万,0.02万,<0.1%,77,<0.1%,<0.1,0.0%
2024-11-28,“上海少女”的三十年,上映21天,6.4万,0.01万,<0.1%,3,<0.1%,1.3,2.9%
2024-11-28,超级的我,,1224.8万,0.01万,<0.1%,8,<0.1%,0.6,--
2024-11-28,奇妙萌可大电影,上映75天,1109.3万,0.01万,<0.1%,26,<0.1%,0.2,0.0%
2024-11-28,一竞到底,上映28天,54.7万,0.00万,<0.1%,6,<0.1%,0.3,0.6%
2024-11-28,单单,上映18天,6.3万,0.00万,<0.1%,7,<0.1%,0.3,0.2%
2024-11-28,非凡任务,,1.56亿,0.00万,<0.1%,1,<0.1%,5.0,5.6%
2024-11-28,加菲猫家族,,1.84亿,0.00万,<0.1%,2,<0.1%,1.0,2.5%
2024-11-28,与孩子一同成长,上映80天,15.1万,0.00万,<0.1%,1,<0.1%,1.0,0.8%
2024-11-28,你是我的冠军,上映9天,280,0.00万,<0.1%,141,<0.1%,<0.1,--
2024-11-28,忠爱无言2,,87.5万,0.00万,<0.1%,2,<0.1%,0.5,--
2024-11-28,流浪地球,,46.87亿,0万,<0.1%,2,<0.1%,0.0,--
2024-11-28,流浪地球2,,40.43亿,0万,<0.1%,3,<0.1%,0.0,--
2024-11-28,渼陂,上映93天,58.1万,0万,<0.1%,1,<0.1%,0.0,--
2024-11-28,百星酒店,,5826.8万,0万,<0.1%,2,<0.1%,0.0,--
2024-11-28,冲撞,上映35天,8.5万,0万,<0.1%,2,<0.1%,0.0,--
2024-11-28,脐带,,170.0万,0万,<0.1%,1,<0.1%,0.0,--
2024-11-28,荧屏奇遇,,18.7万,0万,<0.1%,1,<0.1%,0.0,--
2024-11-28,清道夫,上映28天,7.8万,0万,<0.1%,2,<0.1%,0.0,--
2024-11-28,生死坚守,,94.3万,0万,<0.1%,1,<0.1%,0.0,--
2024-11-28,热血燃烧,,点映,0万,<0.1%,6,<0.1%,0.0,--
2024-11-28,走走停停,,1.02亿,0万,<0.1%,1,<0.1%,0.0,--
2024-11-28,西瓜队,,4730,0万,<0.1%,1,<0.1%,0.0,--
2024-11-28,陌路无期,零点场,1.8万,0万,<0.1%,2,<0.1%,0.0,--
2024-11-28,时光记忆,上映69天,6896,0万,<0.1%,1,<0.1%,0.0,--
2024-11-28,王牌二哈,,311.5万,0万,<0.1%,1,<0.1%,0.0,--
2024-11-28,陪你在全世界长大,,131.3万,0万,<0.1%,1,<0.1%,0.0,--
2024-11-28,金腰带,上映98天,114.8万,0万,<0.1%,1,<0.1%,0.0,--
2024-11-28,魔幻奇缘之宝石公主,,813.9万,0万,<0.1%,1,<0.1%,0.0,--
2024-11-28,八角笼中,,22.07亿,0万,<0.1%,5,<0.1%,0.0,--
2024-11-28,醒来2,,381.7万,0万,<0.1%,1,<0.1%,0.0,--
2024-11-28,范蠡献西施（戏曲 粤剧）,上映42天,7.9万,0万,<0.1%,5,<0.1%,0.0,--
2024-11-28,解密,,3.34亿,0万,<0.1%,8,<0.1%,0.0,--
2024-11-28,朱同在三年级丢失了超能力,,1515.8万,0万,<0.1%,1,<0.1%,0.0,--
2024-11-28,申纪兰,展映,5.1万,0万,<0.1%,1,<0.1%,0.0,--
2024-11-28,棉花糖和云朵妈妈1宝贝芯计划,,1290.9万,0万,<0.1%,1,<0.1%,0.0,--
2024-11-28,雪豹和她的朋友们,,282.1万,0万,<0.1%,1,<0.1%,0.0,--
2024-11-28,草原大作战,,190.6万,0万,<0.1%,3,<0.1%,0.0,--
2024-11-28,申纪兰,,483.3万,0万,<0.1%,12,<0.1%,0.0,--
2024-11-28,全员嫌疑人,上映75天,2171.7万,0万,<0.1%,1,<0.1%,0.0,--
2024-11-28,后池新愚公,,展映,0万,<0.1%,1,<0.1%,0.0,--
2024-11-28,我要去远方,,125.0万,0万,<0.1%,7,<0.1%,0.0,--
2024-11-28,乡见未晚,上映77天,30.3万,0万,<0.1%,4,<0.1%,0.0,--
2024-11-28,熊出没·伴我“熊芯”,,14.95亿,0万,<0.1%,1,<0.1%,0.0,--
2024-11-28,爸爸是外星人,,505.5万,0万,<0.1%,1,<0.1%,0.0,--
2024-11-28,绝地重生,,1117.1万,0万,<0.1%,2,<0.1%,0.0,--
2024-11-28,花儿为什么这样红,,691.1万,0万,<0.1%,1,<0.1%,0.0,--
2024-11-28,爹地,,,0万,<0.1%,1,<0.1%,0.0,--
2024-11-28,消失的子弹,,1.60亿,0万,<0.1%,2,<0.1%,0.0,--
2024-11-28,贝肯熊：火星任务,,8136.9万,0万,<0.1%,3,<0.1%,0.0,--
2024-11-28,宇宙探索编辑部,,6723.2万,0万,<0.1%,1,<0.1%,0.0,--
2024-11-28,中国机长,,29.13亿,0万,<0.1%,1,<0.1%,0.0,--
2024-11-28,奇异世界历险记,,502.1万,0万,<0.1%,1,<0.1%,0.0,--
2024-11-28,澳门风云,,5.24亿,0万,<0.1%,1,<0.1%,0.0,--
2024-11-28,志愿军：雄兵出击,,8.68亿,0万,<0.1%,2,<0.1%,0.0,22.6%
2024-11-28,十八洞村,,1.07亿,0万,<0.1%,1,<0.1%,0.0,--
2024-11-28,八星抱喜,,8545.9万,0万,<0.1%,2,<0.1%,0.0,--
2024-11-28,陌上花开,上映35天,9.9万,0万,<0.1%,6,<0.1%,0.0,--
2024-11-28,从21世纪安全撤离,,1.12亿,0万,<0.1%,1,<0.1%,0.0,--
2024-11-28,绑架游戏,上映48天,1615.7万,0万,<0.1%,2,<0.1%,0.0,--
2024-11-28,看不见的朋友,上映70天,72.9万,0万,<0.1%,1,<0.1%,0.0,--
2024-11-28,816,上映41天,81.0万,0万,<0.1%,2,<0.1%,0.0,--
2024-11-28,名侦探柯南：百万美元的五棱星,,2.86亿,0万,<0.1%,1,<0.1%,0.0,--
2024-11-28,蜡笔小新：梦境世界大突击,,2242.9万,0万,<0.1%,1,<0.1%,0.0,--
2024-11-28,名侦探柯南：黑铁的鱼影,,1.62亿,0万,<0.1%,1,<0.1%,0.0,--
2024-11-28,变形金刚：起源,上映63天,1.52亿,0万,<0.1%,16,<0.1%,0.0,0.2%
2024-11-28,疯狂大营救,,90.6万,0万,<0.1%,1,<0.1%,0.0,--
2024-11-29,好东西,上映8天,2.80亿,3312.11万,47.6%,95897,25.6%,8.3,5.8%
2024-11-29,海洋奇缘2,上映首日,924.6万,905.22万,13.0%,66517,17.7%,3.3,2.5%
2024-11-29,胜券在握,上映15天,1.77亿,499.19万,7.1%,34865,9.3%,4.0,3.5%
2024-11-29,哈利·波特与死亡圣器（下）,,4.07亿,489.65万,7.0%,12752,3.4%,9.2,5.6%
2024-11-29,因果报应,上映首日,849.0万,388.06万,5.5%,33230,8.8%,3.2,2.9%
2024-11-29,蜡笔小新：我们的恐龙日记,上映7天,7863.4万,370.73万,5.3%,29954,8.0%,3.4,3.2%
2024-11-29,鸳鸯楼·惊魂,上映30天,1.06亿,160.76万,2.3%,14429,3.8%,3.4,3.6%
2024-11-29,角斗士2,上映8天,3209.4万,130.97万,1.8%,10898,2.9%,2.9,2.4%
2024-11-29,大突围,上映首日,195.4万,114.30万,1.6%,27571,7.3%,1.1,1.1%
2024-11-29,毒液：最后一舞,上映38天,6.71亿,83.06万,1.1%,9425,2.5%,2.2,2.0%
2024-11-29,志愿军：存亡之战,上映61天,12.02亿,81.94万,1.1%,2311,0.6%,9.2,11.0%
2024-11-29,焚城,上映29天,2.55亿,71.33万,1.0%,5671,1.5%,3.1,3.1%
2024-11-29,陌路无期,上映首日,40.3万,38.54万,0.5%,3005,0.8%,3.2,3.2%
2024-11-29,里斯本丸沉没,上映85天,4634.3万,35.74万,0.5%,257,<0.1%,40.2,50.5%
2024-11-29,哈利·波特与死亡圣器（上),,1.39亿,27.47万,0.3%,1403,0.3%,4.9,3.9%
2024-11-29,噬魂岛,上映首日,24.3万,24.27万,0.3%,5059,1.3%,1.5,1.6%
2024-11-29,风流一代,上映8天,501.4万,23.78万,0.3%,2007,0.5%,2.7,3.0%
2024-11-29,哈利·波特与魔法石,,3.24亿,23.38万,0.3%,437,0.1%,12.5,6.0%
2024-11-29,热血燃烧,零点场,17.5万,17.59万,0.2%,3922,1.0%,1.1,1.0%
2024-11-29,哈利·波特与密室,,9711.9万,8.74万,0.1%,420,0.1%,4.9,2.3%
2024-11-29,那个不为人知的故事,上映21天,1.12亿,6.66万,<0.1%,2583,0.6%,0.7,0.8%
2024-11-29,戏,上映首日,27.4万,6.47万,<0.1%,64,<0.1%,26.2,1.6%
2024-11-29,与你相遇的日子,上映64天,969.9万,6.32万,<0.1%,28,<0.1%,50.5,55.5%
2024-11-29,熊猫计划,上映60天,3.07亿,5.64万,<0.1%,784,0.2%,2.4,1.4%
2024-11-29,金钱堡垒,上映8天,298.7万,5.27万,<0.1%,2952,0.7%,0.5,0.5%
2024-11-29,海上钢琴师,,1.51亿,5.04万,<0.1%,540,0.1%,2.4,2.9%
2024-11-29,伟大征程,上映30天,55.6万,4.53万,<0.1%,145,<0.1%,8.7,5.7%
2024-11-29,哈利·波特与混血王子,,1.82亿,4.34万,<0.1%,267,<0.1%,4.1,3.9%
2024-11-29,出发,,735.4万,4.20万,<0.1%,9,<0.1%,141.0,51.4%
2024-11-29,完美的日子,上映15天,207.8万,4.13万,<0.1%,127,<0.1%,6.7,7.1%
2024-11-29,我谈的那场恋爱,上映15天,636.8万,3.87万,<0.1%,602,0.1%,1.8,1.9%
2024-11-29,你是我的英雄,,1130.3万,3.38万,<0.1%,33,<0.1%,33.6,17.1%
2024-11-29,火影忍者剧场版：忍者之路,上映21天,3051.0万,3.17万,<0.1%,867,0.2%,1.0,1.2%
2024-11-29,苍穹,展映,2844.8万,2.90万,<0.1%,6,<0.1%,121.2,--
2024-11-29,门前宝地,上映71天,222.0万,2.57万,<0.1%,4,<0.1%,170.5,--
2024-11-29,蓦然回首,上映35天,5334.9万,2.41万,<0.1%,475,0.1%,1.4,1.3%
2024-11-29,乔妍的心事,上映35天,1.51亿,2.38万,<0.1%,447,0.1%,1.4,0.7%
2024-11-29,红色一号：冬日行动,上映22天,2135.3万,2.29万,<0.1%,353,<0.1%,1.5,1.5%
2024-11-29,749局,上映60天,3.75亿,2.19万,<0.1%,79,<0.1%,8.2,5.5%
2024-11-29,今年二十二,点映,159.4万,2.12万,<0.1%,96,<0.1%,5.7,7.5%
2024-11-29,只此青绿,上映60天,5167.7万,2.10万,<0.1%,177,<0.1%,2.8,1.7%
2024-11-29,小倩,点映,57.8万,2.09万,<0.1%,8,<0.1%,86.5,10.8%
2024-11-29,这个杀手不太冷,上映29天,1718.2万,1.93万,<0.1%,236,<0.1%,2.1,2.4%
2024-11-29,哈利·波特与凤凰社,,1.73亿,1.77万,<0.1%,146,<0.1%,3.2,2.4%
2024-11-29,出走的决心,上映76天,1.23亿,1.75万,<0.1%,59,<0.1%,9.8,2.2%
2024-11-29,云上的云,上映43天,1113.3万,1.35万,<0.1%,18,<0.1%,29.9,12.8%
2024-11-29,边疆军魂,,50.0万,1.24万,<0.1%,16,<0.1%,38.1,38.1%
2024-11-29,单声,,187.6万,1.17万,<0.1%,16,<0.1%,27.4,--
2024-11-29,密室逃脱,上映43天,430.2万,1.16万,<0.1%,32,<0.1%,9.2,0.2%
2024-11-29,哈利·波特与阿兹卡班的囚徒,,8141.7万,1.16万,<0.1%,67,<0.1%,5.0,2.6%
2024-11-29,哈利·波特与火焰杯,,1.28亿,1.08万,<0.1%,102,<0.1%,2.6,2.6%
2024-11-29,刮大风,上映2天,9.4万,1.05万,<0.1%,71,<0.1%,4.2,4.0%
2024-11-29,最后的里程,上映21天,682.9万,0.93万,<0.1%,93,<0.1%,2.2,2.6%
2024-11-29,海绵宝宝：拯救比奇堡,上映43天,3189.9万,0.92万,<0.1%,375,0.1%,0.7,0.7%
2024-11-29,江海儿女,,35.7万,0.80万,<0.1%,8,<0.1%,33.6,12.3%
2024-11-29,冬天没有童话,,43.4万,0.78万,<0.1%,2,<0.1%,130.0,--
2024-11-29,八百矿工上井冈,,1119.7万,0.75万,<0.1%,3,<0.1%,100.3,--
2024-11-29,天地辽阔,点映,7440,0.74万,<0.1%,3,<0.1%,62.0,51.8%
2024-11-29,孤军,,3209.0万,0.67万,<0.1%,7,<0.1%,38.3,20.5%
2024-11-29,爱你很久很久,上映29天,2000.5万,0.66万,<0.1%,247,<0.1%,0.8,1.0%
2024-11-29,周立波回清溪,,1057.9万,0.64万,<0.1%,6,<0.1%,43.0,55.0%
2024-11-29,断线之后,,23.8万,0.63万,<0.1%,4,<0.1%,79.0,--
2024-11-29,女人世界,上映25天,157.2万,0.61万,<0.1%,130,<0.1%,1.2,1.1%
2024-11-29,凤鸣飞天,上映31天,17.8万,0.60万,<0.1%,12,<0.1%,16.8,10.0%
2024-11-29,老枪,上映29天,560.0万,0.57万,<0.1%,61,<0.1%,1.9,3.3%
2024-11-29,一生交给党,,340.8万,0.55万,<0.1%,8,<0.1%,25.4,--
2024-11-29,一江清水,上映28天,17.4万,0.52万,<0.1%,21,<0.1%,7.3,--
2024-11-29,清道夫,上映29天,8.3万,0.52万,<0.1%,3,<0.1%,50.0,--
2024-11-29,阿莫阿依,,1335.1万,0.50万,<0.1%,6,<0.1%,33.3,12.5%
2024-11-29,美人鱼的夏天,上映8天,18.8万,0.49万,<0.1%,142,<0.1%,1.0,1.4%
2024-11-29,危机航线,上映61天,3.00亿,0.41万,<0.1%,71,<0.1%,1.5,1.9%
2024-11-29,青年邓颖超,,146.4万,0.40万,<0.1%,7,<0.1%,28.7,11.4%
2024-11-29,“上海少女”的三十年,上映22天,6.8万,0.40万,<0.1%,3,<0.1%,33.3,41.3%
2024-11-29,草原的夏天,,18.6万,0.39万,<0.1%,1,<0.1%,130.0,--
2024-11-29,非洲：塞伦盖蒂国家公园,,20.1万,0.39万,<0.1%,1,<0.1%,130.0,--
2024-11-29,熊猫盼盼,展映,56.9万,0.39万,<0.1%,1,<0.1%,130.0,--
2024-11-29,荧屏奇遇,,19.1万,0.39万,<0.1%,1,<0.1%,130.0,--
2024-11-29,俺的傻娘,上映46天,10.9万,0.38万,<0.1%,2,<0.1%,45.5,--
2024-11-29,古宅谜案,上映15天,96.9万,0.37万,<0.1%,230,<0.1%,0.5,0.4%
2024-11-29,昆岗的号角,上映2天,5688,0.35万,<0.1%,12,<0.1%,8.4,0.1%
2024-11-29,康熙与路易十四,,225.7万,0.35万,<0.1%,3,<0.1%,29.0,7.2%
2024-11-29,陌上花开,上映36天,10.2万,0.32万,<0.1%,8,<0.1%,12.5,22.9%
2024-11-29,富贵东西,,352.8万,0.30万,<0.1%,2,<0.1%,37.5,--
2024-11-29,唤醒者,,522.7万,0.29万,<0.1%,4,<0.1%,29.0,--
2024-11-29,我的船长老师,上映8天,4.4万,0.28万,<0.1%,10,<0.1%,9.1,8.1%
2024-11-29,音乐课,上映46天,33.1万,0.26万,<0.1%,3,<0.1%,29.7,20.3%
2024-11-29,夏日心灵,上映65天,20.7万,0.26万,<0.1%,3,<0.1%,25.0,--
2024-11-29,根据地,,193.9万,0.26万,<0.1%,2,<0.1%,64.5,--
2024-11-29,我要当老师,,1306.7万,0.26万,<0.1%,4,<0.1%,21.5,41.9%
2024-11-29,邓小平小道,,2745.3万,0.25万,<0.1%,1,<0.1%,50.0,--
2024-11-29,戴假发的人,上映14天,419.2万,0.23万,<0.1%,330,<0.1%,0.2,0.2%
2024-11-29,同学们好,,2100,0.15万,<0.1%,3,<0.1%,16.7,3.5%
2024-11-29,泪光中的妈妈,,139.2万,0.15万,<0.1%,2,<0.1%,37.5,--
2024-11-29,一片绿洲,,3.7万,0.13万,<0.1%,1,<0.1%,45.0,41.0%
2024-11-29,踢出个未来,上映63天,135.1万,0.13万,<0.1%,1,<0.1%,53.0,78.2%
2024-11-29,深城树下,,5.9万,0.12万,<0.1%,8,<0.1%,5.3,3.1%
2024-11-29,夹缝之间,上映22天,76.4万,0.10万,<0.1%,44,<0.1%,0.7,0.6%
2024-11-29,生死坚守,,94.4万,0.09万,<0.1%,4,<0.1%,11.5,1.2%
2024-11-29,堡垒,,282.0万,0.08万,<0.1%,3,<0.1%,11.3,25.8%
2024-11-29,余下都是春天,,41.3万,0.07万,<0.1%,1,<0.1%,39.0,--
2024-11-29,宇宙探索编辑部,,6723.3万,0.07万,<0.1%,2,<0.1%,11.0,--
2024-11-29,一代人师严修,上映81天,11.2万,0.07万,<0.1%,1,<0.1%,30.0,--
2024-11-29,荒野机器人,上映71天,5181.5万,0.07万,<0.1%,35,<0.1%,0.6,0.5%
2024-11-29,小丑2：双重妄想,上映45天,5407.6万,0.06万,<0.1%,19,<0.1%,0.9,1.0%
2024-11-29,北极荒原,展映,173.1万,0.06万,<0.1%,1,<0.1%,14.0,3.5%
2024-11-29,幸福的模样,,37.5万,0.05万,<0.1%,2,<0.1%,7.5,--
2024-11-29,新大头儿子和小头爸爸6：迷你大冒险,上映60天,2820.7万,0.04万,<0.1%,53,<0.1%,0.3,0.3%
2024-11-29,爱情神话,,2.60亿,0.03万,<0.1%,4,<0.1%,2.5,3.6%
2024-11-29,浴火之路,上映60天,4.61亿,0.03万,<0.1%,47,<0.1%,0.2,0.2%
2024-11-29,金色少年,上映88天,25.7万,0.03万,<0.1%,1,<0.1%,10.0,11.8%
2024-11-29,冲撞,上映36天,8.6万,0.03万,<0.1%,3,<0.1%,3.3,--
2024-11-29,爆款好人,上映60天,2714.2万,0.02万,<0.1%,8,<0.1%,0.9,0.7%
2024-11-29,爱乐之城,,2.79亿,0.02万,<0.1%,2,<0.1%,6.0,--
2024-11-29,奇妙萌可大电影,上映76天,1109.3万,0.02万,<0.1%,24,<0.1%,0.4,0.5%
2024-11-29,励志人生,展映,6494,0.01万,<0.1%,1,<0.1%,4.0,4.2%
2024-11-29,海洋奇缘,,2.26亿,0.01万,<0.1%,13,<0.1%,0.3,0.3%
2024-11-29,好运来,点映,6.8万,0.01万,<0.1%,9,<0.1%,0.4,1.0%
2024-11-29,西府游击队,上映10天,2.3万,0.01万,<0.1%,7,<0.1%,0.6,--
2024-11-29,江南：在爱开始的地方等你,上映76天,353.4万,0.00万,<0.1%,33,<0.1%,<0.1,0.1%
2024-11-29,魔幻奇缘之宝石公主,,813.9万,0.00万,<0.1%,1,<0.1%,2.0,2.5%
2024-11-29,单单,上映19天,6.3万,0.00万,<0.1%,4,<0.1%,0.5,0.5%
2024-11-29,猎毒行动：终极对决,上映15天,6172,0.00万,<0.1%,2,<0.1%,0.5,--
2024-11-29,你是我的冠军,上映10天,300,0.00万,<0.1%,4,<0.1%,0.3,--
2024-11-29,忠爱无言2,,87.5万,0.00万,<0.1%,1,<0.1%,1.0,--
2024-11-29,八子,,2076.4万,0万,<0.1%,3,<0.1%,0.0,--
2024-11-29,我要去远方,,125.0万,0万,<0.1%,12,<0.1%,0.0,--
2024-11-29,坏蛋联盟,,3.35亿,0万,<0.1%,1,<0.1%,0.0,--
2024-11-29,消失的子弹,,1.60亿,0万,<0.1%,2,<0.1%,0.0,--
2024-11-29,志愿军：雄兵出击,,8.68亿,0万,<0.1%,2,<0.1%,0.0,--
2024-11-29,力量密码,,1701.8万,0万,<0.1%,1,<0.1%,0.0,--
2024-11-29,盐湖计划,上映38天,6.3万,0万,<0.1%,1,<0.1%,0.0,--
2024-11-29,茶啊二中,,3.84亿,0万,<0.1%,1,<0.1%,0.0,--
2024-11-29,三湾改编,,5427.3万,0万,<0.1%,2,<0.1%,0.0,--
2024-11-29,熊出没之熊心归来,,2.87亿,0万,<0.1%,1,<0.1%,0.0,--
2024-11-29,百星酒店,,5826.8万,0万,<0.1%,2,<0.1%,0.0,--
2024-11-29,时光记忆,上映70天,6896,0万,<0.1%,1,<0.1%,0.0,--
2024-11-29,神偷奶爸4,,4.23亿,0万,<0.1%,3,<0.1%,0.0,--
2024-11-29,一山之隔,,204.1万,0万,<0.1%,11,<0.1%,0.0,--
2024-11-29,终极角斗,,展映,0万,<0.1%,1,<0.1%,0.0,--
2024-11-29,等儿的湿地,,1.3万,0万,<0.1%,1,<0.1%,0.0,--
2024-11-29,申纪兰,,483.3万,0万,<0.1%,20,<0.1%,0.0,--
2024-11-29,流浪地球,,46.87亿,0万,<0.1%,2,<0.1%,0.0,--
2024-11-29,中国机长,,29.13亿,0万,<0.1%,1,<0.1%,0.0,--
2024-11-29,我们的岁月,,1022.3万,0万,<0.1%,1,<0.1%,0.0,--
2024-11-29,范蠡献西施（戏曲 粤剧）,上映43天,7.9万,0万,<0.1%,3,<0.1%,0.0,--
2024-11-29,钢铁意志,,1.03亿,0万,<0.1%,1,<0.1%,0.0,--
2024-11-29,消失的她,,35.23亿,0万,<0.1%,2,<0.1%,0.0,--
2024-11-29,流浪地球2,,40.43亿,0万,<0.1%,2,<0.1%,0.0,--
2024-11-29,原脑：坏死区,展映,63,0万,<0.1%,1,<0.1%,0.0,--
2024-11-29,花儿为什么这样红,,691.1万,0万,<0.1%,1,<0.1%,0.0,--
2024-11-29,从21世纪安全撤离,,1.12亿,0万,<0.1%,1,<0.1%,0.0,--
2024-11-29,狃花女,,17.9万,0万,<0.1%,1,<0.1%,0.0,--
2024-11-29,草原大作战,,190.6万,0万,<0.1%,1,<0.1%,0.0,--
2024-11-29,恐龙王,,2861.8万,0万,<0.1%,1,<0.1%,0.0,--
2024-11-29,名侦探柯南：百万美元的五棱星,,2.86亿,0万,<0.1%,2,<0.1%,0.0,--
2024-11-29,解密,,3.34亿,0万,<0.1%,8,<0.1%,0.0,--
2024-11-29,申纪兰,展映,5.1万,0万,<0.1%,1,<0.1%,0.0,--
2024-11-29,看不见的朋友,上映71天,72.9万,0万,<0.1%,1,<0.1%,0.0,--
2024-11-29,航海王：强者天下,上映99天,1246.1万,0万,<0.1%,1,<0.1%,0.0,--
2024-11-29,封神第一部,,26.34亿,0万,<0.1%,1,<0.1%,0.0,--
2024-11-29,乡见未晚,上映78天,30.3万,0万,<0.1%,1,<0.1%,0.0,--
2024-11-29,变形金刚：起源,上映64天,1.52亿,0万,<0.1%,8,<0.1%,0.0,0.5%
2024-11-29,逆行人生,,3.59亿,0万,<0.1%,2,<0.1%,0.0,--
2024-11-29,八角笼中,,22.07亿,0万,<0.1%,3,<0.1%,0.0,--
2024-11-29,熊出没·伴我“熊芯”,,14.95亿,0万,<0.1%,1,<0.1%,0.0,--
2024-11-29,哆啦A梦：大雄的地球交响乐,,1.31亿,0万,<0.1%,1,<0.1%,0.0,--
2024-11-29,超级的我,,1224.8万,0万,<0.1%,8,<0.1%,0.0,--
2024-11-29,海洋传奇,,28.1万,0万,<0.1%,1,<0.1%,0.0,--
2024-11-29,信仰无敌,,84.6万,0万,<0.1%,1,<0.1%,0.0,--
2024-11-29,加菲猫家族,,1.84亿,0万,<0.1%,2,<0.1%,0.0,--
2024-11-29,棉花糖和云朵妈妈1宝贝芯计划,,1290.9万,0万,<0.1%,1,<0.1%,0.0,--
2024-11-29,祝你幸福！,上映76天,6008.5万,0万,<0.1%,1,<0.1%,0.0,--
2024-11-29,不想和你有遗憾,点映,1.5万,0万,<0.1%,12,<0.1%,0.0,0.3%
2024-11-29,望道,,8203.2万,0万,<0.1%,1,<0.1%,0.0,--
2024-11-29,王牌二哈,,311.5万,0万,<0.1%,1,<0.1%,0.0,--
2024-11-29,澳门风云,,5.24亿,0万,<0.1%,1,<0.1%,0.0,--
2024-11-29,异形：夺命舰,,7.86亿,0万,<0.1%,1,<0.1%,0.0,--
2024-11-29,八星抱喜,,8545.9万,0万,<0.1%,2,<0.1%,0.0,--
2024-11-29,一竞到底,上映29天,54.7万,0万,<0.1%,4,<0.1%,0.0,--
2024-11-30,好东西,上映9天,3.41亿,6111.06万,39.1%,98607,21.8%,14.7,10.0%
2024-11-30,海洋奇缘2,上映2天,3132.1万,2207.50万,14.1%,63117,14.0%,8.6,6.6%
2024-11-30,好运来,上映首日,1434.5万,1427.68万,9.1%,53388,11.8%,7.3,6.5%
2024-11-30,蜡笔小新：我们的恐龙日记,上映8天,9253.2万,1389.82万,8.9%,41675,9.2%,9.1,8.5%
2024-11-30,不想和你有遗憾,上映首日,878.7万,877.23万,5.6%,45328,10.0%,5.2,5.0%
2024-11-30,因果报应,上映2天,1638.6万,789.56万,5.0%,45388,10.0%,4.6,4.3%
2024-11-30,哈利·波特与死亡圣器（下）,,4.14亿,693.90万,4.4%,10722,2.3%,15.3,9.2%
2024-11-30,胜券在握,上映16天,1.83亿,613.28万,3.9%,22068,4.8%,7.5,6.6%
2024-11-30,鸳鸯楼·惊魂,上映31天,1.09亿,357.82万,2.2%,11730,2.6%,9.7,10.1%
2024-11-30,毒液：最后一舞,上映39天,6.73亿,168.44万,1.0%,5827,1.2%,7.3,6.3%
2024-11-30,角斗士2,上映9天,3360.5万,151.10万,0.9%,4675,1.0%,7.3,5.5%
2024-11-30,哈利·波特与死亡圣器（上),,1.40亿,97.75万,0.6%,1109,0.2%,20.4,15.0%
2024-11-30,焚城,上映30天,2.56亿,68.15万,0.4%,2481,0.5%,6.2,6.3%
2024-11-30,热血燃烧,上映首日,73.8万,56.29万,0.3%,15942,3.5%,0.8,0.8%
2024-11-30,噬魂岛,上映2天,65.4万,41.04万,0.2%,6472,1.4%,2.0,2.2%
2024-11-30,哈利·波特与凤凰社,,1.73亿,38.99万,0.2%,515,0.1%,16.5,8.1%
2024-11-30,风流一代,上映9天,539.8万,38.35万,0.2%,2528,0.5%,3.7,3.9%
2024-11-30,陌路无期,上映2天,77.2万,36.92万,0.2%,2173,0.4%,4.2,4.1%
2024-11-30,哈利·波特与火焰杯,,1.29亿,35.54万,0.2%,501,0.1%,16.1,8.2%
2024-11-30,大突围,上映2天,229.0万,33.58万,0.2%,4384,0.9%,2.1,2.1%
2024-11-30,哈利·波特与阿兹卡班的囚徒,,8171.7万,30.00万,0.1%,467,0.1%,14.6,7.1%
2024-11-30,里斯本丸沉没,上映86天,4663.4万,29.05万,0.1%,161,<0.1%,51.4,42.0%
2024-11-30,志愿军：存亡之战,上映62天,12.02亿,26.80万,0.1%,879,0.1%,7.8,7.3%
2024-11-30,如父如子,点映,26.1万,26.13万,0.1%,123,<0.1%,31.3,22.6%
2024-11-30,哈利·波特与混血王子,,1.82亿,20.57万,0.1%,250,<0.1%,18.4,11.8%
2024-11-30,皇后乐队蒙特利尔现场演唱会,点映,19.1万,19.19万,0.1%,582,0.1%,6.6,3.2%
2024-11-30,火影忍者剧场版：忍者之路,上映22天,3061.8万,10.80万,<0.1%,748,0.1%,4.1,4.5%
2024-11-30,今年二十二,点映,169.8万,10.44万,<0.1%,85,<0.1%,26.7,27.9%
2024-11-30,海绵宝宝：拯救比奇堡,上映44天,3197.8万,7.90万,<0.1%,950,0.2%,2.4,2.8%
2024-11-30,海上钢琴师,,1.51亿,7.89万,<0.1%,301,<0.1%,6.5,8.4%
2024-11-30,完美的日子,上映16天,215.1万,7.24万,<0.1%,119,<0.1%,11.9,12.3%
2024-11-30,蓦然回首,上映36天,5342.1万,7.19万,<0.1%,432,<0.1%,4.6,4.1%
2024-11-30,与你相遇的日子,上映65天,976.5万,6.60万,<0.1%,26,<0.1%,56.8,57.5%
2024-11-30,熊猫计划,上映61天,3.07亿,6.22万,<0.1%,649,0.1%,3.2,3.3%
2024-11-30,哈利·波特与魔法石,,3.24亿,5.57万,<0.1%,94,<0.1%,14.2,11.5%
2024-11-30,哈利·波特与密室,,9717.2万,5.36万,<0.1%,81,<0.1%,15.3,10.7%
2024-11-30,那个不为人知的故事,上映22天,1.12亿,5.28万,<0.1%,976,0.2%,1.5,1.7%
2024-11-30,开山人,,3014.4万,5.00万,<0.1%,5,<0.1%,285.8,--
2024-11-30,戏,上映2天,32.0万,4.57万,<0.1%,20,<0.1%,48.0,5.4%
2024-11-30,我谈的那场恋爱,上映16天,641.1万,4.27万,<0.1%,324,<0.1%,3.6,4.3%
2024-11-30,金钱堡垒,上映9天,302.7万,4.04万,<0.1%,739,0.1%,1.6,1.6%
2024-11-30,密室逃脱,上映44天,434.2万,3.93万,<0.1%,24,<0.1%,42.5,2.1%
2024-11-30,苍穹,展映,2848.6万,3.84万,<0.1%,6,<0.1%,160.0,--
2024-11-30,门前宝地,上映72天,225.6万,3.56万,<0.1%,8,<0.1%,116.1,--
2024-11-30,这个杀手不太冷,上映30天,1721.0万,2.76万,<0.1%,132,<0.1%,5.3,6.2%
2024-11-30,康熙与路易十四,,227.8万,2.18万,<0.1%,4,<0.1%,68.3,2.8%
2024-11-30,美人鱼的夏天,上映9天,21.0万,2.17万,<0.1%,190,<0.1%,3.7,4.1%
2024-11-30,刮大风,上映3天,11.2万,1.83万,<0.1%,57,<0.1%,9.1,8.7%
2024-11-30,红色一号：冬日行动,上映23天,2137.0万,1.64万,<0.1%,168,<0.1%,2.6,2.5%
2024-11-30,一江清水,上映29天,19.1万,1.63万,<0.1%,22,<0.1%,20.9,3.9%
2024-11-30,只此青绿,上映61天,5169.2万,1.48万,<0.1%,121,<0.1%,3.0,3.3%
2024-11-30,冬天没有童话,,44.8万,1.44万,<0.1%,3,<0.1%,160.0,--
2024-11-30,最后的里程,上映22天,684.2万,1.27万,<0.1%,56,<0.1%,5.3,7.7%
2024-11-30,盛极一时的爱情,点映,1.1万,1.18万,<0.1%,3,<0.1%,98.3,71.3%
2024-11-30,踢出个未来,上映64天,136.3万,1.13万,<0.1%,6,<0.1%,58.3,40.0%
2024-11-30,荒野机器人,上映72天,5182.5万,0.93万,<0.1%,76,<0.1%,3.4,3.9%
2024-11-30,女人世界,上映26天,158.0万,0.82万,<0.1%,61,<0.1%,3.4,3.2%
2024-11-30,云上的云,上映44天,1114.1万,0.81万,<0.1%,13,<0.1%,25.1,23.8%
2024-11-30,乔妍的心事,上映36天,1.51亿,0.81万,<0.1%,142,<0.1%,1.5,1.9%
2024-11-30,奇妙萌可大电影,上映77天,1110.0万,0.65万,<0.1%,76,<0.1%,2.7,3.3%
2024-11-30,我的船长老师,上映9天,5.1万,0.63万,<0.1%,14,<0.1%,15.6,16.0%
2024-11-30,幸福的模样,,38.2万,0.62万,<0.1%,4,<0.1%,42.3,--
2024-11-30,夏日心灵,上映66天,21.3万,0.60万,<0.1%,3,<0.1%,57.3,--
2024-11-30,老枪,上映30天,560.6万,0.58万,<0.1%,27,<0.1%,4.9,5.2%
2024-11-30,你是我的冠军,上映11天,5855,0.55万,<0.1%,2,<0.1%,62.0,81.8%
2024-11-30,超级的我,,1225.3万,0.54万,<0.1%,8,<0.1%,22.1,--
2024-11-30,天地辽阔,点映,1.2万,0.51万,<0.1%,5,<0.1%,27.8,17.8%
2024-11-30,我，就是风!,,1222.7万,0.50万,<0.1%,2,<0.1%,56.0,--
2024-11-30,草原的夏天,,19.0万,0.48万,<0.1%,1,<0.1%,160.0,--
2024-11-30,非洲：塞伦盖蒂国家公园,,20.6万,0.48万,<0.1%,1,<0.1%,160.0,--
2024-11-30,熊猫盼盼,展映,57.4万,0.48万,<0.1%,1,<0.1%,160.0,--
2024-11-30,荧屏奇遇,,19.6万,0.48万,<0.1%,1,<0.1%,160.0,--
2024-11-30,逆行人生,,3.59亿,0.46万,<0.1%,10,<0.1%,11.6,14.2%
2024-11-30,八百矿工上井冈,,1120.2万,0.46万,<0.1%,1,<0.1%,187.0,--
2024-11-30,伟大征程,上映31天,56.1万,0.46万,<0.1%,29,<0.1%,4.7,7.1%
2024-11-30,新大头儿子和小头爸爸6：迷你大冒险,上映61天,2821.1万,0.46万,<0.1%,130,<0.1%,1.1,1.1%
2024-11-30,北极荒原,展映,173.6万,0.45万,<0.1%,1,<0.1%,106.0,31.1%
2024-11-30,俺的傻娘,上映47天,11.3万,0.45万,<0.1%,2,<0.1%,57.5,--
2024-11-30,爱你很久很久,上映30天,2000.9万,0.44万,<0.1%,104,<0.1%,1.2,1.3%
2024-11-30,陌上花开,上映37天,10.7万,0.42万,<0.1%,5,<0.1%,21.8,--
2024-11-30,深城树下,,6.3万,0.42万,<0.1%,1440,0.3%,<0.1,0.0%
2024-11-30,昆岗的号角,上映3天,9786,0.40万,<0.1%,6,<0.1%,19.5,0.2%
2024-11-30,凤鸣飞天,上映32天,18.2万,0.39万,<0.1%,5,<0.1%,26.0,20.6%
2024-11-30,宇宙探索编辑部,,6723.7万,0.37万,<0.1%,5,<0.1%,25.2,11.2%
2024-11-30,小倩,点映,58.2万,0.35万,<0.1%,6,<0.1%,17.0,14.6%
2024-11-30,生死搏斗,重映首日,3281,0.32万,<0.1%,12,<0.1%,8.9,0.6%
2024-11-30,古宅谜案,上映16天,97.2万,0.32万,<0.1%,95,<0.1%,1.0,0.8%
2024-11-30,“上海少女”的三十年,上映23天,7.1万,0.31万,<0.1%,2,<0.1%,43.0,59.4%
2024-11-30,出走的决心,上映77天,1.23亿,0.31万,<0.1%,35,<0.1%,2.6,3.7%
2024-11-30,戴假发的人,上映15天,419.5万,0.27万,<0.1%,144,<0.1%,0.5,0.6%
2024-11-30,我要当老师,,1306.9万,0.27万,<0.1%,4,<0.1%,22.5,--
2024-11-30,泪光中的妈妈,,139.5万,0.26万,<0.1%,2,<0.1%,53.0,--
2024-11-30,小丑2：双重妄想,上映46天,5407.9万,0.22万,<0.1%,17,<0.1%,3.2,3.1%
2024-11-30,你是我的英雄,,1130.5万,0.20万,<0.1%,3,<0.1%,22.7,--
2024-11-30,寻秘自然：地球往事,,149.5万,0.17万,<0.1%,1,<0.1%,85.0,62.0%
2024-11-30,乡见未晚,上映79天,30.5万,0.16万,<0.1%,3,<0.1%,20.7,11.5%
2024-11-30,单声,,187.8万,0.15万,<0.1%,1,<0.1%,53.0,--
2024-11-30,山河故人,,3236.5万,0.15万,<0.1%,3,<0.1%,14.7,17.1%
2024-11-30,爱情神话,,2.60亿,0.15万,<0.1%,3,<0.1%,15.3,20.0%
2024-11-30,范蠡献西施（戏曲 粤剧）,上映44天,8.1万,0.14万,<0.1%,2,<0.1%,29.0,1.9%
2024-11-30,阿莫阿依,,1335.2万,0.13万,<0.1%,2,<0.1%,26.5,--
2024-11-30,749局,上映61天,3.75亿,0.12万,<0.1%,45,<0.1%,1.0,1.3%
2024-11-30,断线之后,,24.0万,0.12万,<0.1%,1,<0.1%,62.0,--
2024-11-30,开国大典(上集),,96.0万,0.12万,<0.1%,1,<0.1%,60.0,75.9%
2024-11-30,申纪兰,,483.4万,0.11万,<0.1%,7,<0.1%,6.7,--
2024-11-30,出发,,735.5万,0.08万,<0.1%,4,<0.1%,5.5,4.0%
2024-11-30,孤军,,3209.1万,0.07万,<0.1%,1,<0.1%,30.0,--
2024-11-30,夹缝之间,上映23天,76.5万,0.06万,<0.1%,16,<0.1%,1.1,0.7%
2024-11-30,魔镜奇缘,,1597.6万,0.05万,<0.1%,2,<0.1%,12.5,--
2024-11-30,脐带,,170.1万,0.04万,<0.1%,2,<0.1%,8.5,33.3%
2024-11-30,爆款好人,上映61天,2714.2万,0.04万,<0.1%,6,<0.1%,1.8,3.3%
2024-11-30,青年邓颖超,,146.4万,0.02万,<0.1%,1,<0.1%,13.0,--
2024-11-30,爱乐之城,,2.79亿,0.02万,<0.1%,3,<0.1%,2.0,1.9%
2024-11-30,望道,,8203.2万,0.02万,<0.1%,2,<0.1%,2.5,1.9%
2024-11-30,坂本龙一：杰作,,494.5万,0.01万,<0.1%,1,<0.1%,5.0,--
2024-11-30,蜡笔小新：新次元！超能力大决战,,1.19亿,0.01万,<0.1%,3,<0.1%,2.0,--
2024-11-30,失恋33天,,3.02亿,0.01万,<0.1%,1,<0.1%,12.0,11.7%
2024-11-30,西府游击队,上映11天,2.4万,0.01万,<0.1%,7,<0.1%,0.4,--
2024-11-30,危机航线,上映62天,3.00亿,0.00万,<0.1%,6,<0.1%,0.3,0.5%
2024-11-30,单单,上映20天,6.4万,0.00万,<0.1%,4,<0.1%,0.8,0.5%
2024-11-30,变形金刚：起源,上映65天,1.52亿,0.00万,<0.1%,18,<0.1%,<0.1,0.3%
2024-11-30,奥本海默,,4.52亿,0.00万,<0.1%,1,<0.1%,2.0,1.1%
2024-11-30,猎毒行动：终极对决,上映16天,6202,0.00万,<0.1%,2,<0.1%,0.5,--
2024-11-30,魔幻奇缘之宝石公主,,813.9万,0.00万,<0.1%,1,<0.1%,1.0,--
2024-11-30,忠爱无言2,,87.5万,0.00万,<0.1%,1,<0.1%,1.0,--
2024-11-30,全员嫌疑人,上映77天,2171.7万,0.00万,<0.1%,1,<0.1%,0.0,--
2024-11-30,坏蛋联盟,,3.35亿,0万,<0.1%,2,<0.1%,0.0,--
2024-11-30,奇妙王国之魔法奇缘,,1002.5万,0万,<0.1%,1,<0.1%,0.0,--
2024-11-30,绑架游戏,上映50天,1615.7万,0万,<0.1%,1,<0.1%,0.0,--
2024-11-30,潜艇总动员：环游地球80天,,5261.5万,0万,<0.1%,7,<0.1%,0.0,--
2024-11-30,白蛇传·情,,2383.6万,0万,<0.1%,1,<0.1%,0.0,--
2024-11-30,太空熊猫英雄归来,,2101.7万,0万,<0.1%,3,<0.1%,0.0,--
2024-11-30,时光记忆,上映71天,6896,0万,<0.1%,1,<0.1%,0.0,--
2024-11-30,魔法精灵,,631.9万,0万,<0.1%,1,<0.1%,0.0,--
2024-11-30,功夫王之萌虎上山,,522.6万,0万,<0.1%,2,<0.1%,0.0,--
2024-11-30,流浪地球,,46.87亿,0万,<0.1%,2,<0.1%,0.0,--
2024-11-30,超级飞侠：乐迪加速,,7075.7万,0万,<0.1%,3,<0.1%,0.0,--
2024-11-30,汪汪队立大功大电影2：超能大冒险,,1.38亿,0万,<0.1%,2,<0.1%,0.0,--
2024-11-30,恐龙飞车,,115.5万,0万,<0.1%,1,<0.1%,0.0,--
2024-11-30,流浪地球2,,40.43亿,0万,<0.1%,2,<0.1%,0.0,--
2024-11-30,冰雪奇缘2,,8.60亿,0万,<0.1%,1,<0.1%,0.0,--
2024-11-30,猪猪侠大电影·海洋日记,,2939.8万,0万,<0.1%,6,<0.1%,0.0,--
2024-11-30,新猪猪侠大电影·超级赛车,,5370.5万,0万,<0.1%,15,<0.1%,0.0,--
2024-11-30,从21世纪安全撤离,,1.12亿,0万,<0.1%,1,<0.1%,0.0,--
2024-11-30,银河宝贝,,107.5万,0万,<0.1%,1,<0.1%,0.0,--
2024-11-30,音乐课,上映47天,33.1万,0万,<0.1%,2,<0.1%,0.0,--
2024-11-30,解密,,3.34亿,0万,<0.1%,8,<0.1%,0.0,--
2024-11-30,海洋奇缘,,2.26亿,0万,<0.1%,3,<0.1%,0.0,0.3%
2024-11-30,疯狂大营救,,90.6万,0万,<0.1%,3,<0.1%,0.0,--
2024-11-30,如果爱就表白,,8.0万,0万,<0.1%,1,<0.1%,0.0,--
2024-11-30,富贵东西,,352.8万,0万,<0.1%,1,<0.1%,0.0,--
2024-11-30,大旅行,,83.0万,0万,<0.1%,1,<0.1%,0.0,--
2024-11-30,哥斯拉大战金刚,,12.32亿,0万,<0.1%,3,<0.1%,0.0,--
2024-11-30,大侦探皮卡丘,,6.40亿,0万,<0.1%,1,<0.1%,0.0,--
2024-11-30,坂本龙一：终曲,,502.2万,0万,<0.1%,1,<0.1%,0.0,27.6%
2024-11-30,熊出没·伴我“熊芯”,,14.95亿,0万,<0.1%,6,<0.1%,0.0,--
2024-11-30,江南：在爱开始的地方等你,上映77天,353.4万,0万,<0.1%,18,<0.1%,0.0,--
2024-11-30,一撞飞天,,6312,0万,<0.1%,1,<0.1%,0.0,--
2024-11-30,清道夫,上映30天,8.3万,0万,<0.1%,2,<0.1%,0.0,--
2024-11-30,王牌二哈,,311.5万,0万,<0.1%,4,<0.1%,0.0,--
2024-11-30,火凤重天,展映,72.0万,0万,<0.1%,1,<0.1%,0.0,--
2024-11-30,百变马丁：怪兽大作战,,817.0万,0万,<0.1%,4,<0.1%,0.0,--
2024-11-30,功夫熊猫3,,10.02亿,0万,<0.1%,1,<0.1%,0.0,--
2024-11-30,消失的子弹,,1.60亿,0万,<0.1%,1,<0.1%,0.0,--
2024-11-30,开心超人之英雄的心,,1657.0万,0万,<0.1%,15,<0.1%,0.0,--
2024-11-30,阿里巴巴与神灯,,2223.5万,0万,<0.1%,1,<0.1%,0.0,--
2024-11-30,大场面,上映77天,1245.5万,0万,<0.1%,1,<0.1%,0.0,--
2024-11-30,我是霸王龙,,3542.3万,0万,<0.1%,1,<0.1%,0.0,--
2024-11-30,我们村里的年轻人,,1.1万,0万,<0.1%,1,<0.1%,0.0,--
2024-11-30,刺猬索尼克,,1994.1万,0万,<0.1%,1,<0.1%,0.0,--
2024-11-30,熊出没之熊心归来,,2.87亿,0万,<0.1%,3,<0.1%,0.0,--
2024-11-30,我是哪吒2之英雄归来,,1775.5万,0万,<0.1%,2,<0.1%,0.0,--
2024-11-30,神偷奶爸4,,4.23亿,0万,<0.1%,6,<0.1%,0.0,--
2024-11-30,太空熊猫英雄诞生,,524.2万,0万,<0.1%,2,<0.1%,0.0,--
2024-11-30,中国机长,,29.13亿,0万,<0.1%,20,<0.1%,0.0,--
2024-11-30,超级幼儿园,,227.3万,0万,<0.1%,2,<0.1%,0.0,--
2024-11-30,太空熊猫总动员,,424.0万,0万,<0.1%,4,<0.1%,0.0,--
2024-11-30,绿林大冒险,,890.8万,0万,<0.1%,1,<0.1%,0.0,--
2024-11-30,加菲猫2,,5673.0万,0万,<0.1%,1,<0.1%,0.0,--
2024-11-30,新大头儿子和小头爸爸2一日成才,,9039.8万,0万,<0.1%,1,<0.1%,0.0,--
2024-11-30,大圣降妖,上映77天,215.6万,0万,<0.1%,1,<0.1%,0.0,--
2024-11-30,草原大作战,,190.6万,0万,<0.1%,2,<0.1%,0.0,--
2024-11-30,恐龙王,,2861.8万,0万,<0.1%,1,<0.1%,0.0,--
2024-11-30,名侦探柯南：百万美元的五棱星,,2.86亿,0万,<0.1%,1,<0.1%,0.0,--
2024-11-30,雪域少年,,1059.6万,0万,<0.1%,2,<0.1%,0.0,--
2024-11-30,奇异世界历险记,,502.1万,0万,<0.1%,2,<0.1%,0.0,--
2024-11-30,笨鸟大冒险,,636.3万,0万,<0.1%,1,<0.1%,0.0,--
2024-11-30,看不见的朋友,上映72天,72.9万,0万,<0.1%,1,<0.1%,0.0,--
2024-11-30,疯狂丑小鸭,,2344.1万,0万,<0.1%,1,<0.1%,0.0,--
2024-11-30,金龟子,,2782.2万,0万,<0.1%,2,<0.1%,0.0,--
2024-11-30,封神第一部,,26.34亿,0万,<0.1%,7,<0.1%,0.0,--
2024-11-30,喜羊羊与灰太狼之守护,,9123.4万,0万,<0.1%,5,<0.1%,0.0,--
2024-11-30,宇宙护卫队：风暴力量,,2013.2万,0万,<0.1%,3,<0.1%,0.0,--
2024-11-30,咱们结婚吧,,2.84亿,0万,<0.1%,2,<0.1%,0.0,--
2024-11-30,疯狂元素城,,1.14亿,0万,<0.1%,4,<0.1%,0.0,--
2024-11-30,同学们好,,2100,0万,<0.1%,1,<0.1%,0.0,--
2024-11-30,侏罗纪世界2,,16.95亿,0万,<0.1%,1,<0.1%,0.0,--
2024-11-30,潜艇总动员：寻龙,,3228.7万,0万,<0.1%,7,<0.1%,0.0,--
2024-11-30,金腰带,上映100天,114.8万,0万,<0.1%,1,<0.1%,0.0,--
2024-11-30,凯利和超级可乐,,56.2万,0万,<0.1%,2,<0.1%,0.0,--
2024-11-30,加菲猫家族,,1.84亿,0万,<0.1%,1,<0.1%,0.0,--
2024-11-30,棉花糖和云朵妈妈1宝贝芯计划,,1290.9万,0万,<0.1%,1,<0.1%,0.0,--
2024-11-30,我和我的祖国,,31.70亿,0万,<0.1%,10,<0.1%,0.0,--
2024-11-30,浴火之路,上映61天,4.61亿,0万,<0.1%,21,<0.1%,0.0,--
2024-11-30,澳门风云,,5.24亿,0万,<0.1%,1,<0.1%,0.0,--
2024-11-30,极地大反攻,,399.1万,0万,<0.1%,1,<0.1%,0.0,--
2024-11-30,八星抱喜,,8545.9万,0万,<0.1%,1,<0.1%,0.0,--
2024-11-30,一竞到底,上映30天,54.7万,0万,<0.1%,2,<0.1%,0.0,--
